,AA,AC,AG,AT,CA,CC,CG,CT,GA,GC,GG,GT,TA,TC,TG,TT,%GC
TbraPV2,0.0790905,0.0549926,0.0811913,0.0682155,0.0692042,0.0486901,0.0153238,0.0701928,0.0730351,0.0499259,0.0645082,0.0517795,0.0621602,0.0498023,0.0782254,0.0836629
TbraPV3,0.0890991,0.0540070,0.0811349,0.0752862,0.0689398,0.0425585,0.0116974,0.0675709,0.0775261,0.0495271,0.0571180,0.0490294,0.0640866,0.0446740,0.0831259,0.0846192
LcamPV1,0.1093828,0.0645593,0.0717511,0.0782740,0.0729219,0.0428165,0.0125439,0.0663991,0.0779395,0.0361264,0.0451581,0.0560294,0.0638903,0.0511791,0.0856330,0.0653956
MaegPV1,0.1081348,0.0568611,0.0757601,0.0870994,0.0621200,0.0386196,0.0146261,0.0621200,0.0847987,0.0336894,0.0478225,0.0501233,0.0726376,0.0483155,0.0783895,0.0788825
MaegPV2,0.1226463,0.0524173,0.0753181,0.0785411,0.0737913,0.0447837,0.0062765,0.0632740,0.0785411,0.0381679,0.0502120,0.0497031,0.0541137,0.0525869,0.0848176,0.0748092
RnPV4,0.0746370,0.0605238,0.0758583,0.0645949,0.0688017,0.0476320,0.0271407,0.0659520,0.0738228,0.0510246,0.0704302,0.0586240,0.0582169,0.0503460,0.0806080,0.0717872
AaPV1,0.0767235,0.0580677,0.0709167,0.0610329,0.0722758,0.0533729,0.0327403,0.0657277,0.0669632,0.0641216,0.0665925,0.0552261,0.0507784,0.0485545,0.0825303,0.0743761
AchePV1,0.0798883,0.0598166,0.0780274,0.0655324,0.0676592,0.0505118,0.0198059,0.0671275,0.0790908,0.0458594,0.0712482,0.0530374,0.0564934,0.0490496,0.0801542,0.0766981
AgPV1,0.0405388,0.0642404,0.0607434,0.0461080,0.0764150,0.1036135,0.0572465,0.0582826,0.0503821,0.0942883,0.0957130,0.0562103,0.0442948,0.0334154,0.0828908,0.0356171
AmPV1,0.0915961,0.0562866,0.0813029,0.0643648,0.0750489,0.0467752,0.0165472,0.0642345,0.0625407,0.0596743,0.0560261,0.0543322,0.0643648,0.0398697,0.0786971,0.0883388
AmPV2,0.0885108,0.0622609,0.0713626,0.0596227,0.0707031,0.0424746,0.0304709,0.0627886,0.0561931,0.0680649,0.0618652,0.0630524,0.0662182,0.0336367,0.0856088,0.0771666
AmPV3,0.0459100,0.0655675,0.0649334,0.0386810,0.0634115,0.0856056,0.0705136,0.0640457,0.0663285,0.0889030,0.0944832,0.0531389,0.0394420,0.0435003,0.0729233,0.0426126
AmPV4,0.1098186,0.0522827,0.0782989,0.0830519,0.0665416,0.0326454,0.0167605,0.0561601,0.0691682,0.0424015,0.0474046,0.0542839,0.0779237,0.0447780,0.0707942,0.0976861
AplaPV1,0.0479330,0.0668273,0.0707583,0.0523713,0.0645448,0.0769718,0.0489475,0.0686026,0.0689830,0.0724068,0.0905402,0.0533857,0.0563023,0.0428608,0.0750697,0.0434948
AsPV1,0.0795994,0.0593042,0.0772272,0.0654982,0.0702425,0.0496837,0.0208224,0.0662889,0.0736690,0.0482341,0.0668160,0.0568002,0.0582499,0.0498155,0.0806537,0.0770954
BPV1,0.0907489,0.0606671,0.0726243,0.0616740,0.0736312,0.0488357,0.0232851,0.0701070,0.0634361,0.0604154,0.0616740,0.0518565,0.0578980,0.0459408,0.0796728,0.0775330
BPV2,0.0884577,0.0598538,0.0735887,0.0618700,0.0739667,0.0487651,0.0219254,0.0709425,0.0638861,0.0637601,0.0643901,0.0502772,0.0574597,0.0432208,0.0822833,0.0753528
BPV3,0.0937457,0.0608935,0.0767010,0.0710653,0.0749141,0.0464605,0.0202062,0.0602062,0.0692784,0.0547079,0.0562199,0.0492096,0.0643299,0.0397251,0.0762887,0.0860481
BPV4,0.0998073,0.0576817,0.0770925,0.0744769,0.0761289,0.0424009,0.0194108,0.0546531,0.0685573,0.0536894,0.0527258,0.0523128,0.0644273,0.0389593,0.0780562,0.0896200
BPV5,0.0938895,0.0545988,0.0784539,0.0683761,0.0705447,0.0460518,0.0206659,0.0640388,0.0669728,0.0591912,0.0622528,0.0521750,0.0637836,0.0414594,0.0792193,0.0783263
BPV6,0.0956820,0.0603153,0.0733379,0.0656614,0.0745716,0.0471556,0.0228924,0.0603153,0.0664839,0.0557916,0.0540096,0.0538725,0.0582591,0.0416724,0.0799178,0.0900617
BPV7,0.0882472,0.0564026,0.0805559,0.0619350,0.0725948,0.0495210,0.0217245,0.0624747,0.0742140,0.0580219,0.0622048,0.0545136,0.0520847,0.0423695,0.0844690,0.0786668
BPV8,0.0863928,0.0584082,0.0799743,0.0595635,0.0774069,0.0521181,0.0249037,0.0623877,0.0652118,0.0621309,0.0629012,0.0554557,0.0551990,0.0442875,0.0779204,0.0757381
BPV9,0.0843604,0.0594358,0.0717612,0.0694330,0.0749110,0.0490277,0.0251986,0.0601205,0.0672419,0.0549165,0.0591619,0.0550534,0.0584771,0.0458778,0.0802520,0.0847713
BPV10,0.0943498,0.0562314,0.0798865,0.0673155,0.0736686,0.0459584,0.0187889,0.0625845,0.0712355,0.0558259,0.0570424,0.0502839,0.0585293,0.0429846,0.0785347,0.0867802
BPV11,0.0959868,0.0551648,0.0769549,0.0751620,0.0736450,0.0427527,0.0197214,0.0553027,0.0685423,0.0524066,0.0555785,0.0532340,0.0652324,0.0410978,0.0775066,0.0917115
BPV12,0.0997777,0.0583658,0.0725403,0.0733741,0.0676765,0.0444691,0.0201501,0.0619789,0.0703168,0.0491940,0.0510006,0.0512785,0.0662868,0.0422457,0.0780989,0.0932462
BPV13,0.0908291,0.0574121,0.0753769,0.0619347,0.0721106,0.0476131,0.0211055,0.0702261,0.0630653,0.0631910,0.0621859,0.0518844,0.0595477,0.0428392,0.0815327,0.0791457
BPV14,0.0960452,0.0606403,0.0770873,0.0675455,0.0757062,0.0428123,0.0207156,0.0642812,0.0646579,0.0558694,0.0568738,0.0524796,0.0649090,0.0441933,0.0752040,0.0809793
BPV15,0.0979410,0.0546745,0.0787423,0.0719254,0.0724819,0.0420145,0.0186422,0.0578742,0.0723428,0.0507791,0.0581525,0.0525876,0.0605175,0.0435448,0.0783250,0.0894546
BPV16,0.0849057,0.0645761,0.0757374,0.0728142,0.0775977,0.0466383,0.0227212,0.0571353,0.0729471,0.0546107,0.0627159,0.0504916,0.0624502,0.0382673,0.0797236,0.0766676
BPV17,0.0982300,0.0545872,0.0780976,0.0693150,0.0667477,0.0431023,0.0172950,0.0653966,0.0714768,0.0506688,0.0572896,0.0518849,0.0636400,0.0441832,0.0786380,0.0894474
BPV18,0.1030078,0.0602939,0.0744403,0.0747150,0.0675731,0.0418899,0.0160692,0.0622167,0.0740283,0.0440874,0.0565856,0.0513666,0.0677105,0.0414778,0.0791100,0.0854278
BPV19,0.0965251,0.0559846,0.0788748,0.0693602,0.0638445,0.0445394,0.0182019,0.0620518,0.0768064,0.0500552,0.0597077,0.0518478,0.0634308,0.0380585,0.0817705,0.0889410
BPV20,0.0907092,0.0584112,0.0799890,0.0650082,0.0747664,0.0508521,0.0200660,0.0625344,0.0699560,0.0553876,0.0579989,0.0541506,0.0586861,0.0435679,0.0794393,0.0784772
BPV21,0.0987689,0.0540011,0.0748461,0.0779239,0.0636542,0.0428092,0.0190263,0.0644936,0.0768047,0.0499440,0.0541410,0.0471461,0.0661724,0.0433688,0.0800224,0.0868774
BPV22,0.0945314,0.0592325,0.0776842,0.0715336,0.0734055,0.0500067,0.0205910,0.0576280,0.0742078,0.0517449,0.0616393,0.0526808,0.0608370,0.0406471,0.0803583,0.0732718
BPV23,0.0998489,0.0565856,0.0760884,0.0733416,0.0765005,0.0440874,0.0186788,0.0542508,0.0696333,0.0531520,0.0583711,0.0508172,0.0597445,0.0396923,0.0788353,0.0903722
BPV24,0.1022743,0.0585803,0.0730531,0.0740179,0.0753963,0.0435562,0.0180565,0.0566506,0.0669883,0.0512750,0.0523777,0.0507236,0.0631289,0.0402481,0.0778773,0.0957960
BPV25,0.0906166,0.0576651,0.0762003,0.0655168,0.0759428,0.0491698,0.0236839,0.0602394,0.0639722,0.0607543,0.0611404,0.0536749,0.0593384,0.0414468,0.0785172,0.0821213
BPV26,0.0958678,0.0552342,0.0749311,0.0734160,0.0725895,0.0417355,0.0220386,0.0585399,0.0672176,0.0557851,0.0559229,0.0531680,0.0637741,0.0421488,0.0792011,0.0884298
BPV27,0.1096372,0.0605035,0.0707905,0.0759339,0.0703844,0.0437195,0.0158365,0.0572550,0.0699783,0.0450731,0.0540065,0.0488630,0.0668652,0.0378993,0.0772875,0.0959664
BcosPV1,0.0975439,0.0581053,0.0714386,0.0896842,0.0603509,0.0390175,0.0317193,0.0446316,0.0701754,0.0439298,0.0522105,0.0606316,0.0888421,0.0346667,0.0715789,0.0854737
BgPV1,0.0901196,0.0589050,0.0747640,0.0639396,0.0714915,0.0439270,0.0227816,0.0687225,0.0634361,0.0586532,0.0626809,0.0521082,0.0626809,0.0454374,0.0765261,0.0838263
BpPV1,0.0867373,0.0594623,0.0745863,0.0710962,0.0656670,0.0615305,0.0171923,0.0566184,0.0716132,0.0377456,0.0722596,0.0594623,0.0678645,0.0422699,0.0770424,0.0788521
CPV1,0.0990007,0.0568208,0.0776203,0.0722752,0.0749477,0.0421799,0.0187079,0.0586800,0.0649547,0.0493842,0.0519405,0.0549617,0.0666977,0.0461306,0.0730885,0.0926098
CPV2,0.0820988,0.0606173,0.0735802,0.0607407,0.0732099,0.0583951,0.0259259,0.0607407,0.0677778,0.0503704,0.0681481,0.0565432,0.0539506,0.0488889,0.0751852,0.0838272
CPV3,0.0597436,0.0651282,0.0701282,0.0521795,0.0728205,0.0658974,0.0451282,0.0597436,0.0674359,0.0650000,0.0796154,0.0591026,0.0473077,0.0474359,0.0762821,0.0670513
CPV4,0.0552900,0.0693709,0.0658830,0.0520605,0.0715670,0.0729880,0.0477974,0.0585196,0.0707919,0.0647203,0.0897817,0.0570986,0.0450846,0.0436636,0.0789304,0.0564527
CPV5,0.0671021,0.0663337,0.0735049,0.0551927,0.0733769,0.0644129,0.0349597,0.0654373,0.0696632,0.0596747,0.0764502,0.0539122,0.0519913,0.0477654,0.0746574,0.0655654
CPV6,0.1090887,0.0554544,0.0783885,0.0729280,0.0700158,0.0424706,0.0163815,0.0611576,0.0669822,0.0481738,0.0467176,0.0503580,0.0698944,0.0439267,0.0707438,0.0973183
CPV7,0.0802112,0.0617299,0.0756852,0.0593412,0.0773196,0.0512949,0.0222530,0.0651245,0.0706563,0.0550666,0.0712849,0.0519236,0.0489062,0.0479004,0.0795826,0.0817199
CPV8,0.0619298,0.0629577,0.0706668,0.0542207,0.0743929,0.0671977,0.0399589,0.0596171,0.0686111,0.0659129,0.0822305,0.0543492,0.0447128,0.0450983,0.0783759,0.0697674
CPV9,0.0621189,0.0656758,0.0666921,0.0562754,0.0729167,0.0707571,0.0395071,0.0607215,0.0668191,0.0608486,0.0801575,0.0586890,0.0490346,0.0464939,0.0801575,0.0631352
CPV10,0.0638106,0.0632960,0.0746173,0.0522321,0.0729448,0.0692139,0.0394957,0.0595652,0.0707578,0.0635533,0.0804065,0.0571208,0.0465715,0.0451563,0.0773189,0.0639393
CPV11,0.0610785,0.0655507,0.0687452,0.0587784,0.0738564,0.0713008,0.0403782,0.0601840,0.0697674,0.0613340,0.0794787,0.0562228,0.0495783,0.0475339,0.0782009,0.0580118
CPV12,0.0585626,0.0649005,0.0694638,0.0528584,0.0717455,0.0709849,0.0408163,0.0633794,0.0665484,0.0643935,0.0827735,0.0572950,0.0488021,0.0466472,0.0779566,0.0628724
CPV13,0.0768202,0.0625988,0.0741461,0.0542117,0.0753616,0.0583445,0.0224869,0.0627203,0.0702565,0.0528747,0.0711073,0.0585876,0.0454601,0.0449739,0.0850857,0.0849641
CPV14,0.0557188,0.0638978,0.0725879,0.0497125,0.0725879,0.0715655,0.0470288,0.0615974,0.0718211,0.0711821,0.0831949,0.0536741,0.0417891,0.0461342,0.0771885,0.0603195
CPV15,0.0614791,0.0617363,0.0698392,0.0522186,0.0711254,0.0765273,0.0468167,0.0577492,0.0715113,0.0653376,0.0821865,0.0578778,0.0410289,0.0486174,0.0781994,0.0577492
CPV16,0.0638871,0.0682489,0.0719692,0.0543938,0.0763310,0.0652983,0.0384862,0.0601668,0.0691469,0.0587556,0.0790250,0.0587556,0.0491341,0.0479795,0.0762027,0.0622194
CPV17,0.0819385,0.0609543,0.0766925,0.0570822,0.0754434,0.0579565,0.0216088,0.0612041,0.0695728,0.0524607,0.0649513,0.0594554,0.0495878,0.0449663,0.0831876,0.0829378
CPV18,0.0598028,0.0653093,0.0710718,0.0542963,0.0735049,0.0665898,0.0409784,0.0608273,0.0682546,0.0613395,0.0784992,0.0605711,0.0490460,0.0485337,0.0781150,0.0632603
CPV19,0.0801008,0.0607053,0.0773300,0.0591940,0.0730479,0.0556675,0.0216625,0.0652393,0.0711587,0.0541562,0.0720403,0.0521411,0.0528967,0.0452141,0.0784635,0.0809824
CPV20,0.0576678,0.0660883,0.0669814,0.0525644,0.0699158,0.0699158,0.0431232,0.0648125,0.0669814,0.0643021,0.0856086,0.0577954,0.0487369,0.0474611,0.0789742,0.0590712
CPV21,0.0761187,0.0623784,0.0774562,0.0623784,0.0778210,0.0535019,0.0243191,0.0592169,0.0735652,0.0554475,0.0695525,0.0543531,0.0507053,0.0436527,0.0815905,0.0779426
CPV22,0.0819376,0.0631401,0.0742258,0.0575973,0.0790457,0.0581998,0.0216894,0.0633811,0.0680805,0.0544644,0.0698879,0.0554284,0.0477166,0.0466321,0.0820581,0.0765152
CPV23,0.0726133,0.0633985,0.0732277,0.0557808,0.0769136,0.0630299,0.0244502,0.0631527,0.0691731,0.0560265,0.0726133,0.0588524,0.0461973,0.0452144,0.0863742,0.0729819
CcPV1,0.0824904,0.0586978,0.0601225,0.0679584,0.0712352,0.0632569,0.0408890,0.0572731,0.0605499,0.0582704,0.0621171,0.0578430,0.0549936,0.0524291,0.0756518,0.0762217
CcaPV1,0.0747105,0.0592703,0.0717221,0.0606400,0.0753331,0.0509277,0.0261487,0.0688582,0.0671149,0.0585232,0.0677375,0.0585232,0.0491844,0.0525464,0.0861661,0.0725937
CcanPV1,0.0758881,0.0590689,0.0721206,0.0742734,0.0741389,0.0457481,0.0296017,0.0655274,0.0719860,0.0534177,0.0575888,0.0553014,0.0593380,0.0567815,0.0789828,0.0702368
CcrPV1,0.1079947,0.0534580,0.0704782,0.0841424,0.0638859,0.0366775,0.0163011,0.0617284,0.0668824,0.0402733,0.0450677,0.0530984,0.0774302,0.0480642,0.0734748,0.1010428
CdPV1,0.0873926,0.0612139,0.0694191,0.0639489,0.0704611,0.0493618,0.0302162,0.0606929,0.0635582,0.0592602,0.0622558,0.0621256,0.0604324,0.0408961,0.0854389,0.0733264
CdPV2,0.0881720,0.0622391,0.0710942,0.0599620,0.0765338,0.0537634,0.0314991,0.0588235,0.0631246,0.0640101,0.0650221,0.0592030,0.0535104,0.0407337,0.0837445,0.0685642
CePV1,0.0867467,0.0560574,0.0741245,0.0660809,0.0702883,0.0478901,0.0231407,0.0650910,0.0718970,0.0514788,0.0660809,0.0543250,0.0540775,0.0509838,0.0804356,0.0813018
CePV2,0.0912527,0.0550756,0.0807235,0.0705994,0.0710043,0.0495410,0.0151188,0.0615551,0.0759989,0.0494060,0.0587203,0.0502160,0.0595302,0.0431965,0.0796436,0.0884179
CgPV1,0.0593273,0.0635472,0.0645402,0.0541144,0.0803028,0.0733524,0.0362418,0.0588308,0.0517562,0.0740971,0.0752141,0.0688842,0.0501427,0.0377312,0.0939556,0.0579620
CgPV2,0.0779440,0.0627196,0.0724789,0.0664932,0.0774236,0.0536109,0.0377358,0.0497072,0.0625895,0.0631100,0.0700065,0.0571243,0.0616786,0.0390371,0.0726090,0.0757319
ChPV1,0.0861955,0.0578173,0.0754542,0.0665694,0.0701498,0.0510542,0.0275825,0.0620607,0.0627238,0.0551651,0.0617955,0.0555629,0.0669672,0.0468108,0.0704151,0.0836759
CmPV1,0.0808400,0.0565305,0.0609896,0.0693326,0.0753740,0.0615650,0.0405639,0.0556674,0.0572497,0.0677503,0.0594074,0.0543728,0.0540852,0.0473245,0.0778193,0.0811277
DdPV1,0.0899249,0.0559164,0.0719654,0.0745128,0.0734938,0.0459814,0.0152847,0.0583365,0.0620303,0.0490383,0.0517132,0.0649599,0.0668705,0.0421602,0.0887785,0.0890332
EaPV1,0.0665684,0.0600054,0.0729976,0.0541120,0.0681757,0.0625502,0.0385749,0.0691133,0.0650951,0.0704527,0.0744709,0.0529065,0.0538441,0.0454058,0.0768819,0.0688454
EaPV2,0.0519344,0.0601967,0.0666230,0.0504918,0.0671475,0.0764590,0.0493115,0.0675410,0.0622951,0.0761967,0.0927213,0.0548197,0.0477377,0.0476066,0.0775082,0.0514098
EcPV1,0.0587462,0.0544093,0.0703115,0.0533579,0.0637403,0.0739913,0.0410041,0.0643974,0.0657117,0.0707057,0.0937048,0.0563806,0.0487580,0.0440268,0.0813510,0.0594033
EcPV2,0.0515252,0.0554986,0.0712638,0.0387080,0.0735709,0.0730582,0.0479364,0.0669059,0.0642143,0.0847219,0.0930531,0.0576775,0.0278134,0.0480646,0.0874135,0.0585747
EcPV3,0.0696478,0.0617333,0.0740008,0.0511806,0.0721541,0.0552698,0.0424746,0.0633162,0.0631843,0.0743965,0.0799367,0.0579079,0.0517082,0.0416832,0.0790133,0.0623928
EcPV4,0.0587846,0.0544155,0.0759963,0.0403813,0.0732159,0.0695088,0.0507083,0.0648749,0.0655369,0.0876473,0.0863233,0.0509731,0.0320402,0.0467364,0.0774527,0.0654045
EcPV5,0.0670391,0.0569300,0.0742219,0.0534717,0.0686353,0.0567970,0.0381750,0.0683692,0.0625166,0.0718276,0.0819367,0.0536047,0.0536047,0.0464219,0.0754190,0.0710295
EcPV6,0.0649007,0.0603974,0.0735099,0.0520530,0.0676821,0.0654305,0.0458278,0.0613245,0.0664901,0.0740397,0.0789404,0.0536424,0.0517881,0.0403974,0.0748344,0.0687417
EcPV7,0.0632712,0.0573641,0.0728538,0.0489630,0.0719349,0.0674718,0.0397742,0.0647151,0.0660278,0.0782358,0.0829614,0.0534261,0.0410869,0.0408244,0.0851930,0.0658966
EcPV8,0.0586215,0.0636497,0.0730930,0.0343390,0.0719892,0.0802060,0.0580083,0.0602158,0.0580083,0.0875644,0.0833947,0.0570272,0.0410841,0.0389993,0.0714987,0.0623007
EcPV9,0.0573481,0.0586545,0.0708034,0.0479425,0.0751143,0.0719791,0.0365774,0.0649249,0.0598302,0.0753756,0.0862182,0.0590464,0.0423253,0.0424559,0.0871326,0.0637492
EdPV1,0.0756699,0.0631480,0.0717652,0.0735156,0.0721691,0.0477986,0.0290831,0.0612630,0.0683991,0.0534536,0.0591087,0.0566851,0.0678605,0.0459136,0.0776895,0.0764777
EdPV2,0.0925295,0.0603996,0.0752725,0.0784514,0.0670981,0.0371253,0.0224796,0.0606267,0.0657357,0.0460945,0.0582425,0.0556312,0.0814033,0.0437103,0.0695958,0.0856040
EePV1,0.0967898,0.0558449,0.0765597,0.0745003,0.0640824,0.0440945,0.0174440,0.0656572,0.0714718,0.0462750,0.0563295,0.0525742,0.0714718,0.0450636,0.0761962,0.0856451
EhPV1,0.0911280,0.0638783,0.0774398,0.0749049,0.0736375,0.0446134,0.0224335,0.0564005,0.0752852,0.0489227,0.0501901,0.0529785,0.0673004,0.0396705,0.0773131,0.0839037
EhPV2,0.0609450,0.0657200,0.0699925,0.0604423,0.0731340,0.0645891,0.0373209,0.0645891,0.0720030,0.0681076,0.0765268,0.0525258,0.0511435,0.0412164,0.0851973,0.0565469
EhPV3,0.0629537,0.0622028,0.0806008,0.0620776,0.0759700,0.0605757,0.0302879,0.0628285,0.0737171,0.0650814,0.0724656,0.0553191,0.0551940,0.0418023,0.0832290,0.0556946
ElPV1,0.0953253,0.0580984,0.0740876,0.0694495,0.0707921,0.0467472,0.0195289,0.0602954,0.0618821,0.0517515,0.0590748,0.0584645,0.0689613,0.0407665,0.0783596,0.0864152
EsPV1,0.0760402,0.0517804,0.0841268,0.0666493,0.0733012,0.0498239,0.0156515,0.0676927,0.0770836,0.0533455,0.0691274,0.0512586,0.0520412,0.0515195,0.0819095,0.0786488
EsPV2,0.0674766,0.0599498,0.0825300,0.0546679,0.0732867,0.0547999,0.0213918,0.0689291,0.0719662,0.0603460,0.0814737,0.0554602,0.0517628,0.0433118,0.0838505,0.0687970
EsPV3,0.0754864,0.0534371,0.0826200,0.0691310,0.0728923,0.0477302,0.0163424,0.0636835,0.0770428,0.0521401,0.0652399,0.0540856,0.0551232,0.0473411,0.0844358,0.0832685
FarcPV1,0.0407686,0.0706310,0.0602441,0.0553103,0.0653077,0.0853025,0.0660867,0.0577772,0.0640093,0.0746559,0.0923137,0.0586861,0.0567385,0.0440145,0.0710205,0.0368735
FcPV1,0.0694876,0.0566770,0.0727226,0.0648292,0.0613354,0.0553830,0.0328675,0.0710404,0.0700052,0.0574534,0.0725932,0.0565476,0.0628882,0.0511128,0.0784161,0.0666408
FcaPV1,0.0859140,0.0579588,0.0774792,0.0583203,0.0733823,0.0545849,0.0254247,0.0643451,0.0656706,0.0557899,0.0645861,0.0573563,0.0547054,0.0495240,0.0759128,0.0790457
FcaPV2,0.0520385,0.0633072,0.0629273,0.0539377,0.0665991,0.0663459,0.0538111,0.0581160,0.0650798,0.0712839,0.0877437,0.0615346,0.0486199,0.0439352,0.0810332,0.0636870
FcaPV3,0.0764970,0.0528884,0.0800580,0.0626484,0.0733316,0.0539436,0.0216302,0.0597468,0.0724083,0.0538117,0.0761013,0.0556581,0.0495911,0.0480084,0.0803218,0.0830915
FcaPV4,0.0744583,0.0542351,0.0731451,0.0568615,0.0717006,0.0560735,0.0246881,0.0644780,0.0665791,0.0611950,0.0873276,0.0560735,0.0458306,0.0454366,0.0861458,0.0755089
FcaPV5,0.0808001,0.0576392,0.0764574,0.0611923,0.0702724,0.0444795,0.0238189,0.0596131,0.0746151,0.0511909,0.0771154,0.0611923,0.0502698,0.0448743,0.0868535,0.0796157
FgPV1,0.0799410,0.0672734,0.0660435,0.0627229,0.0699791,0.0573115,0.0451359,0.0568196,0.0653056,0.0563276,0.0709630,0.0591563,0.0606321,0.0483335,0.0697331,0.0643217
FlPV1,0.0513539,0.0661598,0.0620248,0.0585568,0.0610911,0.0733627,0.0644258,0.0594905,0.0666933,0.0696279,0.0761638,0.0585568,0.0589569,0.0492197,0.0684274,0.0558890
GcPV1,0.0788344,0.0593209,0.0736308,0.0481332,0.0757122,0.0543775,0.0318720,0.0702485,0.0628334,0.0721998,0.0699883,0.0611422,0.0425394,0.0463120,0.0905425,0.0623130
HPV1,0.0953295,0.0570697,0.0751120,0.0789507,0.0707614,0.0435061,0.0194498,0.0557901,0.0661548,0.0437620,0.0478567,0.0557901,0.0742163,0.0451695,0.0710173,0.1000640
HPV2,0.0594223,0.0623489,0.0680748,0.0659117,0.0754549,0.0609492,0.0321924,0.0589133,0.0604403,0.0589133,0.0701107,0.0670569,0.0603130,0.0452984,0.0861433,0.0684565
HPV3,0.0752014,0.0675278,0.0642026,0.0707252,0.0762246,0.0489832,0.0294155,0.0547385,0.0576800,0.0552500,0.0640747,0.0689346,0.0685510,0.0376007,0.0882466,0.0726436
HPV4,0.1028292,0.0549510,0.0753536,0.0882753,0.0665125,0.0361806,0.0174102,0.0553591,0.0742655,0.0397171,0.0446137,0.0512786,0.0778020,0.0446137,0.0723613,0.0984766
HPV5,0.0932214,0.0588767,0.0737250,0.0806972,0.0773402,0.0459651,0.0241446,0.0519045,0.0661072,0.0454487,0.0597805,0.0533247,0.0697224,0.0490639,0.0670110,0.0836669
HPV6,0.0908068,0.0706692,0.0565353,0.0893058,0.0787992,0.0459037,0.0200125,0.0469043,0.0487805,0.0451532,0.0546592,0.0669168,0.0890557,0.0298937,0.0841776,0.0824265
HPV7,0.0908298,0.0621729,0.0636681,0.0894593,0.0763768,0.0373785,0.0205582,0.0464740,0.0504610,0.0474707,0.0468477,0.0697732,0.0885871,0.0337653,0.0834787,0.0926987
HPV8,0.0895074,0.0641578,0.0726512,0.0759179,0.0799686,0.0445577,0.0227362,0.0554031,0.0661179,0.0480857,0.0577551,0.0550111,0.0665099,0.0458644,0.0738273,0.0819287
HPV9,0.0978071,0.0636351,0.0768196,0.0795103,0.0741289,0.0418404,0.0197767,0.0516615,0.0704964,0.0434549,0.0532759,0.0552940,0.0754742,0.0383425,0.0726490,0.0858334
HPV10,0.0684516,0.0665572,0.0647891,0.0740086,0.0764082,0.0507704,0.0290477,0.0522859,0.0592321,0.0554433,0.0688305,0.0666835,0.0698409,0.0357413,0.0875221,0.0743875
HPV11,0.0866330,0.0717528,0.0591425,0.0857503,0.0781841,0.0470366,0.0195460,0.0467844,0.0499369,0.0432535,0.0544767,0.0712484,0.0886507,0.0293821,0.0857503,0.0824716
HPV12,0.0937174,0.0621741,0.0754692,0.0782065,0.0785975,0.0440563,0.0228102,0.0539625,0.0677789,0.0474453,0.0550052,0.0531804,0.0694734,0.0458811,0.0701251,0.0821168
HPV13,0.0963320,0.0681559,0.0586369,0.0880822,0.0771672,0.0408681,0.0173880,0.0524178,0.0484833,0.0437873,0.0505140,0.0638406,0.0892245,0.0350298,0.0799594,0.0901130
HPV14,0.0947873,0.0587396,0.0768932,0.0824689,0.0771525,0.0403268,0.0203579,0.0538122,0.0678164,0.0449948,0.0512189,0.0551089,0.0730031,0.0475882,0.0706691,0.0850622
HPV15,0.0987588,0.0609822,0.0777118,0.0828386,0.0712358,0.0365623,0.0205073,0.0497841,0.0711009,0.0430383,0.0478953,0.0554506,0.0791959,0.0375067,0.0713708,0.0960604
HPV16,0.1004428,0.0721063,0.0573055,0.0986717,0.0771664,0.0355471,0.0141682,0.0473118,0.0487034,0.0368121,0.0421252,0.0636306,0.1022138,0.0297280,0.0776724,0.0963947
HPV17,0.0936027,0.0587205,0.0793266,0.0818855,0.0742088,0.0393266,0.0216835,0.0486195,0.0711111,0.0459259,0.0513131,0.0565657,0.0747475,0.0397306,0.0725926,0.0906397
HPV18,0.0859216,0.0686100,0.0575356,0.0889766,0.0759929,0.0441701,0.0218941,0.0476069,0.0496436,0.0462067,0.0519348,0.0668279,0.0893585,0.0308045,0.0832485,0.0912678
HPV19,0.0968246,0.0611661,0.0749610,0.0825091,0.0769131,0.0377408,0.0213431,0.0538782,0.0644196,0.0471109,0.0510151,0.0538782,0.0773035,0.0439875,0.0689745,0.0879750
HPV20,0.0938628,0.0581485,0.0791645,0.0821300,0.0795513,0.0416452,0.0207581,0.0527334,0.0673027,0.0478339,0.0515730,0.0522176,0.0727179,0.0470603,0.0674317,0.0858690
HPV21,0.0933402,0.0577269,0.0772692,0.0834405,0.0755978,0.0431988,0.0233993,0.0529699,0.0681409,0.0455130,0.0482129,0.0541270,0.0746979,0.0487272,0.0671124,0.0865261
HPV22,0.0969187,0.0580969,0.0734356,0.0856522,0.0673273,0.0424868,0.0217185,0.0519886,0.0705850,0.0428940,0.0496810,0.0559251,0.0794082,0.0399077,0.0742500,0.0897244
HPV23,0.0987300,0.0576267,0.0761983,0.0857572,0.0693705,0.0404206,0.0207565,0.0506623,0.0711457,0.0439711,0.0476581,0.0546224,0.0789294,0.0393281,0.0727844,0.0920388
HPV24,0.0987787,0.0606630,0.0773051,0.0833445,0.0743524,0.0390552,0.0178500,0.0501946,0.0677761,0.0426788,0.0515367,0.0565025,0.0791840,0.0390552,0.0718024,0.0899208
HPV25,0.0905083,0.0600363,0.0711878,0.0838952,0.0809129,0.0426608,0.0247666,0.0499222,0.0641857,0.0486255,0.0543309,0.0531639,0.0700207,0.0469398,0.0700207,0.0888226
HPV26,0.0961294,0.0681182,0.0565317,0.0946015,0.0743570,0.0449453,0.0185893,0.0466005,0.0464731,0.0416348,0.0466005,0.0668449,0.0984212,0.0297937,0.0798319,0.0905271
HPV27,0.0606641,0.0633461,0.0670498,0.0647510,0.0750958,0.0619413,0.0326948,0.0581098,0.0606641,0.0597701,0.0726692,0.0659004,0.0593870,0.0429119,0.0865900,0.0684547
HPV28,0.0721287,0.0667253,0.0616989,0.0708721,0.0745162,0.0506409,0.0294044,0.0561699,0.0586831,0.0557929,0.0677306,0.0683589,0.0662227,0.0375723,0.0917316,0.0717517
HPV29,0.0732786,0.0665824,0.0645610,0.0706254,0.0758054,0.0523057,0.0285534,0.0536955,0.0563487,0.0550853,0.0644346,0.0711308,0.0696147,0.0363866,0.0894504,0.0721415
HPV30,0.0905617,0.0712011,0.0576997,0.0857216,0.0801172,0.0448351,0.0197427,0.0468730,0.0464909,0.0461088,0.0505668,0.0691632,0.0880143,0.0294230,0.0843205,0.0891606
HPV31,0.0991025,0.0678802,0.0568828,0.0956895,0.0744533,0.0352673,0.0154216,0.0472759,0.0471495,0.0377955,0.0438630,0.0699027,0.0988497,0.0314752,0.0825433,0.0964480
HPV32,0.0896985,0.0670854,0.0587940,0.0845477,0.0762563,0.0449749,0.0216080,0.0497487,0.0498744,0.0457286,0.0528894,0.0687186,0.0844221,0.0347990,0.0839196,0.0869347
HPV33,0.1023015,0.0674001,0.0577896,0.0940819,0.0737228,0.0367982,0.0145422,0.0461558,0.0498230,0.0376834,0.0397066,0.0671472,0.0958523,0.0293374,0.0821952,0.1054628
HPV34,0.0955711,0.0696711,0.0590521,0.0960891,0.0779591,0.0367780,0.0157990,0.0428645,0.0499870,0.0392385,0.0494690,0.0703186,0.0968661,0.0277130,0.0846931,0.0879306
HPV35,0.1000254,0.0694339,0.0597867,0.0969789,0.0752729,0.0337649,0.0148515,0.0460777,0.0503935,0.0373191,0.0445545,0.0670221,0.1005331,0.0293222,0.0800965,0.0945671
HPV36,0.0928636,0.0586712,0.0729180,0.0782282,0.0736951,0.0431291,0.0243492,0.0527134,0.0674783,0.0455899,0.0584121,0.0580236,0.0686440,0.0464966,0.0738246,0.0849631
HPV37,0.0973046,0.0588949,0.0787062,0.0811321,0.0706199,0.0390836,0.0218329,0.0493261,0.0729111,0.0440701,0.0526954,0.0548518,0.0750674,0.0389488,0.0712938,0.0932615
HPV38,0.0966347,0.0552777,0.0735234,0.0859576,0.0708204,0.0421679,0.0210839,0.0528450,0.0694688,0.0443303,0.0521692,0.0536559,0.0746047,0.0450061,0.0728477,0.0896067
HPV39,0.0884831,0.0727783,0.0555414,0.0928243,0.0777579,0.0431563,0.0200460,0.0486466,0.0496680,0.0418795,0.0541369,0.0662666,0.0938458,0.0316650,0.0822268,0.0810776
HPV40,0.0759990,0.0674001,0.0604451,0.0795397,0.0782752,0.0498230,0.0247850,0.0498230,0.0498230,0.0523520,0.0624684,0.0705615,0.0794133,0.0331310,0.0875063,0.0786545
HPV41,0.0729016,0.0643636,0.0668593,0.0717194,0.0738211,0.0521476,0.0344148,0.0583213,0.0676474,0.0591094,0.0686983,0.0551688,0.0614738,0.0430842,0.0806515,0.0696178
HPV42,0.0901971,0.0702375,0.0565942,0.0903234,0.0792067,0.0418140,0.0179384,0.0477514,0.0474987,0.0418140,0.0530571,0.0656897,0.0904497,0.0327185,0.0804699,0.0942395
HPV43,0.0876599,0.0642087,0.0622022,0.0884123,0.0739905,0.0425132,0.0190620,0.0492852,0.0524204,0.0460246,0.0521696,0.0678455,0.0885377,0.0319789,0.0850263,0.0886632
HPV44,0.0897600,0.0707354,0.0566905,0.0870787,0.0795455,0.0489019,0.0194076,0.0494127,0.0474974,0.0460930,0.0547753,0.0657559,0.0874617,0.0315373,0.0833759,0.0819714
HPV45,0.0890925,0.0669467,0.0579101,0.0926562,0.0740741,0.0454372,0.0196004,0.0469645,0.0472190,0.0435281,0.0504009,0.0691103,0.0960927,0.0301642,0.0823470,0.0884562
HPV47,0.0908738,0.0638188,0.0761165,0.0758576,0.0809061,0.0407767,0.0205825,0.0541100,0.0662783,0.0447896,0.0586408,0.0538511,0.0684790,0.0469903,0.0682201,0.0897087
HPV48,0.1038174,0.0550782,0.0743767,0.0887449,0.0604310,0.0315537,0.0160586,0.0556416,0.0726863,0.0359206,0.0402874,0.0549373,0.0850824,0.0412734,0.0731089,0.1110015
HPV49,0.0940601,0.0608546,0.0760683,0.0818891,0.0730255,0.0424659,0.0201085,0.0543723,0.0678661,0.0441857,0.0550337,0.0541077,0.0780527,0.0423336,0.0699828,0.0855933
HPV50,0.1059446,0.0559655,0.0707225,0.0921620,0.0640401,0.0338299,0.0150355,0.0548517,0.0704441,0.0389809,0.0381456,0.0530419,0.0843659,0.0389809,0.0767089,0.1067799
HPV51,0.0924811,0.0669912,0.0561035,0.0923530,0.0768541,0.0411169,0.0185731,0.0466248,0.0467529,0.0439349,0.0500833,0.0668631,0.0917126,0.0311259,0.0828743,0.0955553
HPV52,0.0996096,0.0688830,0.0603199,0.0909205,0.0768165,0.0419343,0.0167485,0.0469714,0.0482307,0.0399194,0.0482307,0.0677497,0.0952021,0.0317340,0.0788314,0.0878982
HPV53,0.0898447,0.0668109,0.0587936,0.0893357,0.0755918,0.0455587,0.0183253,0.0498855,0.0477221,0.0439043,0.0509035,0.0694833,0.0916264,0.0330873,0.0838636,0.0852634
HPV54,0.0831400,0.0687033,0.0616138,0.0863625,0.0777262,0.0509152,0.0183037,0.0502707,0.0479505,0.0491106,0.0582624,0.0661253,0.0910028,0.0284867,0.0832689,0.0787574
HPV56,0.1004589,0.0662927,0.0609383,0.0945946,0.0738144,0.0367160,0.0165732,0.0433452,0.0507394,0.0399031,0.0476798,0.0706272,0.0972718,0.0275370,0.0836308,0.0898776
HPV57,0.0583969,0.0627226,0.0646310,0.0651399,0.0764631,0.0664122,0.0367684,0.0578880,0.0595420,0.0634860,0.0746819,0.0655216,0.0566158,0.0449109,0.0871501,0.0596692
HPV58,0.0977886,0.0680046,0.0580340,0.0939537,0.0751630,0.0378371,0.0170012,0.0474243,0.0507478,0.0406494,0.0448677,0.0651924,0.0942094,0.0308066,0.0815544,0.0967659
HPV59,0.0991767,0.0687777,0.0606713,0.0880304,0.0753642,0.0423053,0.0177327,0.0476251,0.0519316,0.0410386,0.0434452,0.0668778,0.0901837,0.0309056,0.0814440,0.0944902
HPV60,0.1109136,0.0571663,0.0711160,0.0932713,0.0638676,0.0355580,0.0179158,0.0522429,0.0723468,0.0361050,0.0414387,0.0500547,0.0853392,0.0408917,0.0694748,0.1022976
HPV61,0.0679770,0.0665999,0.0589634,0.0708563,0.0768653,0.0594642,0.0257887,0.0539559,0.0499499,0.0580871,0.0696044,0.0693540,0.0697296,0.0319229,0.0926390,0.0782424
HPV62,0.0718082,0.0676060,0.0580892,0.0720554,0.0736621,0.0614263,0.0263255,0.0537634,0.0480781,0.0583364,0.0695835,0.0693363,0.0760104,0.0278087,0.0913361,0.0747744
HPV63,0.0918742,0.0555329,0.0711855,0.0861576,0.0683272,0.0386552,0.0202804,0.0577106,0.0680550,0.0431469,0.0494079,0.0587995,0.0764938,0.0476385,0.0783993,0.0883354
HPV65,0.0983988,0.0511838,0.0777337,0.0847133,0.0651430,0.0387300,0.0166963,0.0581634,0.0743123,0.0413302,0.0476256,0.0522786,0.0740386,0.0474887,0.0734912,0.0986725
HPV66,0.0957433,0.0651924,0.0591845,0.0957433,0.0732456,0.0387319,0.0166177,0.0446120,0.0488304,0.0403937,0.0530487,0.0690272,0.0980442,0.0288892,0.0823214,0.0903745
HPV67,0.0994872,0.0682051,0.0571795,0.0908974,0.0755128,0.0446154,0.0169231,0.0476923,0.0485897,0.0406410,0.0447436,0.0661538,0.0923077,0.0312821,0.0812821,0.0944872
HPV68,0.0900141,0.0747986,0.0548523,0.0901419,0.0768444,0.0423220,0.0209692,0.0471807,0.0485871,0.0421941,0.0520394,0.0710907,0.0943613,0.0280015,0.0860504,0.0805524
HPV69,0.0963762,0.0690999,0.0584491,0.0898818,0.0752046,0.0405247,0.0176646,0.0483180,0.0488375,0.0409144,0.0483180,0.0679309,0.0935186,0.0310430,0.0815690,0.0923497
HPV70,0.0862854,0.0708502,0.0594636,0.0900810,0.0786943,0.0432692,0.0196103,0.0475709,0.0471913,0.0454200,0.0537702,0.0678138,0.0946356,0.0294787,0.0813512,0.0845142
HPV71,0.0741663,0.0666999,0.0618467,0.0745396,0.0754107,0.0535092,0.0250124,0.0515182,0.0482827,0.0559980,0.0628422,0.0711797,0.0793927,0.0293678,0.0886013,0.0816327
HPV72,0.0706059,0.0653480,0.0613420,0.0701052,0.0762394,0.0555834,0.0259139,0.0557086,0.0500751,0.0570856,0.0658488,0.0702303,0.0703555,0.0354281,0.0901352,0.0799950
HPV73,0.1070269,0.0709183,0.0596181,0.0961164,0.0742954,0.0342902,0.0140278,0.0422133,0.0497467,0.0333810,0.0435121,0.0710482,0.1026107,0.0262372,0.0805299,0.0944278
HPV74,0.0886381,0.0689830,0.0575704,0.0841998,0.0776059,0.0485671,0.0196551,0.0538930,0.0438752,0.0475526,0.0532589,0.0656860,0.0892721,0.0346183,0.0798884,0.0867360
HPV75,0.0956741,0.0601115,0.0733811,0.0838641,0.0752389,0.0416667,0.0210987,0.0497611,0.0701964,0.0432590,0.0581210,0.0540074,0.0717887,0.0428609,0.0729830,0.0859873
HPV76,0.0926073,0.0589560,0.0775040,0.0834658,0.0752517,0.0461049,0.0200053,0.0494171,0.0702173,0.0434552,0.0568362,0.0551139,0.0744568,0.0422629,0.0712772,0.0830684
HPV77,0.0696170,0.0673345,0.0625159,0.0701243,0.0738017,0.0528785,0.0291656,0.0551610,0.0589653,0.0544002,0.0663201,0.0693634,0.0672077,0.0363936,0.0910474,0.0757038
HPV78,0.0699962,0.0682079,0.0643760,0.0719121,0.0772768,0.0514753,0.0287393,0.0498148,0.0591391,0.0519862,0.0656533,0.0706348,0.0682079,0.0356367,0.0886448,0.0782986
HPV80,0.0958793,0.0599246,0.0794506,0.0832211,0.0720442,0.0382440,0.0191220,0.0495556,0.0719095,0.0436305,0.0495556,0.0538648,0.0786426,0.0371667,0.0708322,0.0969566
HPV81,0.0739869,0.0651878,0.0597348,0.0744826,0.0739869,0.0561408,0.0228033,0.0540340,0.0470938,0.0570083,0.0676664,0.0690296,0.0783245,0.0286281,0.0905936,0.0812988
HPV82,0.0903546,0.0697674,0.0540094,0.0878129,0.0779006,0.0460033,0.0194434,0.0480366,0.0457491,0.0463845,0.0522303,0.0662092,0.0879400,0.0292286,0.0848901,0.0940399
HPV83,0.0686166,0.0661483,0.0619524,0.0736764,0.0739232,0.0601012,0.0265334,0.0545477,0.0482537,0.0566457,0.0671356,0.0715784,0.0794767,0.0322103,0.0879921,0.0712082
HPV84,0.0710960,0.0626652,0.0588901,0.0714735,0.0731093,0.0631685,0.0279351,0.0533535,0.0458034,0.0585126,0.0723543,0.0700893,0.0739902,0.0333459,0.0875802,0.0766327
HPV85,0.0938420,0.0699014,0.0581232,0.0983229,0.0741262,0.0393035,0.0165152,0.0481372,0.0513379,0.0382793,0.0444245,0.0654206,0.1010114,0.0304699,0.0803994,0.0903854
HPV86,0.0696567,0.0633926,0.0621398,0.0747933,0.0751691,0.0606364,0.0253069,0.0533701,0.0489852,0.0562516,0.0700326,0.0694062,0.0760461,0.0343272,0.0871962,0.0732899
HPV87,0.0716429,0.0656414,0.0608902,0.0746437,0.0740185,0.0592648,0.0237559,0.0542636,0.0481370,0.0537634,0.0691423,0.0698925,0.0791448,0.0325081,0.0871468,0.0761440
HPV88,0.1000683,0.0520137,0.0697611,0.0860068,0.0627986,0.0442321,0.0196587,0.0602048,0.0709898,0.0431399,0.0483276,0.0517406,0.0738567,0.0475085,0.0765870,0.0931058
HPV89,0.0654946,0.0689612,0.0576947,0.0755231,0.0752755,0.0632661,0.0261236,0.0552185,0.0471710,0.0581899,0.0689612,0.0672279,0.0797326,0.0294664,0.0887706,0.0729231
HPV90,0.0684761,0.0673556,0.0593875,0.0699701,0.0764442,0.0626245,0.0268924,0.0573954,0.0491783,0.0583914,0.0678536,0.0678536,0.0709661,0.0351096,0.0891434,0.0729582
HPV91,0.0913999,0.0647834,0.0654112,0.0860013,0.0779661,0.0410546,0.0194601,0.0451977,0.0500942,0.0484620,0.0508475,0.0694288,0.0880100,0.0293785,0.0831136,0.0893911
HPV92,0.1022788,0.0567024,0.0804290,0.0829759,0.0697051,0.0378016,0.0179625,0.0493298,0.0731903,0.0424933,0.0564343,0.0526810,0.0772118,0.0378016,0.0701072,0.0928954
HPV93,0.1048463,0.0565177,0.0765203,0.0855148,0.0730299,0.0386629,0.0167808,0.0484629,0.0695395,0.0404081,0.0519533,0.0549067,0.0761176,0.0412136,0.0715532,0.0939723
HPV94,0.0705584,0.0623096,0.0640863,0.0725888,0.0753807,0.0515228,0.0303299,0.0535533,0.0604061,0.0586294,0.0651015,0.0675127,0.0633249,0.0383249,0.0921320,0.0742386
HPV95,0.1018266,0.0535714,0.0751091,0.0876499,0.0673391,0.0392585,0.0164940,0.0552072,0.0748364,0.0384406,0.0488004,0.0507088,0.0740185,0.0470284,0.0723828,0.0973282
HPV96,0.0999059,0.0563399,0.0805432,0.0801398,0.0687105,0.0391287,0.0186903,0.0504236,0.0742235,0.0402044,0.0571467,0.0545919,0.0740890,0.0412801,0.0697862,0.0947963
HPV97,0.0979342,0.0682224,0.0577659,0.0942362,0.0728131,0.0376180,0.0177251,0.0476919,0.0476919,0.0387656,0.0429737,0.0689875,0.0995919,0.0312420,0.0800816,0.0966590
HPV98,0.0933691,0.0550569,0.0756865,0.0850636,0.0730074,0.0440723,0.0241125,0.0451440,0.0668453,0.0452780,0.0557267,0.0601474,0.0759545,0.0417950,0.0724715,0.0862693
HPV99,0.0948421,0.0609328,0.0710666,0.0775627,0.0786021,0.0420943,0.0248149,0.0523581,0.0667793,0.0472912,0.0561258,0.0549565,0.0641808,0.0475510,0.0732753,0.0875666
HPV100,0.0986584,0.0575959,0.0746714,0.0860550,0.0687085,0.0402494,0.0204635,0.0501423,0.0683019,0.0424177,0.0516330,0.0565117,0.0814474,0.0391652,0.0720965,0.0918824
HPV101,0.0826674,0.0599339,0.0624139,0.0826674,0.0695784,0.0493249,0.0227335,0.0564894,0.0552494,0.0515293,0.0665473,0.0596583,0.0800496,0.0373381,0.0812896,0.0825296
HPV102,0.0736660,0.0679708,0.0614089,0.0727993,0.0781231,0.0565804,0.0248855,0.0518757,0.0498948,0.0560852,0.0656184,0.0698279,0.0740374,0.0308283,0.0895134,0.0768850
HPV103,0.0889562,0.0619664,0.0683007,0.0817956,0.0707794,0.0428257,0.0191407,0.0570091,0.0576976,0.0481961,0.0599009,0.0601763,0.0835858,0.0367667,0.0786285,0.0842743
HPV104,0.0991198,0.0538930,0.0800271,0.0853081,0.0708192,0.0356127,0.0166554,0.0553825,0.0701422,0.0429248,0.0509140,0.0529452,0.0782668,0.0460393,0.0691943,0.0927556
HPV105,0.0913123,0.0597443,0.0730498,0.0768328,0.0778763,0.0466997,0.0243934,0.0537438,0.0661362,0.0480042,0.0583094,0.0547874,0.0654840,0.0482651,0.0714845,0.0838769
HPV106,0.0680856,0.0693303,0.0601195,0.0713219,0.0792880,0.0603684,0.0287528,0.0533981,0.0506597,0.0613642,0.0710729,0.0639781,0.0708240,0.0307443,0.0871297,0.0735624
HPV107,0.0990610,0.0597805,0.0760481,0.0805449,0.0739320,0.0431160,0.0214257,0.0507869,0.0683772,0.0470837,0.0527708,0.0532998,0.0741965,0.0392805,0.0711546,0.0891416
HPV108,0.0865855,0.0611274,0.0642048,0.0788922,0.0691006,0.0479787,0.0228004,0.0552525,0.0556721,0.0486781,0.0621066,0.0646244,0.0793118,0.0373479,0.0819695,0.0843475
HPV109,0.1017018,0.0543227,0.0722941,0.0879510,0.0675289,0.0366236,0.0151123,0.0544588,0.0683458,0.0407080,0.0435671,0.0565010,0.0785568,0.0420694,0.0782845,0.1019741
HPV110,0.0974131,0.0568580,0.0770682,0.0842091,0.0703314,0.0354352,0.0202102,0.0529507,0.0687146,0.0468876,0.0494476,0.0560496,0.0789545,0.0397467,0.0743735,0.0913500
HPV111,0.0966825,0.0607989,0.0758294,0.0836831,0.0723087,0.0414353,0.0196344,0.0529452,0.0679756,0.0436019,0.0490183,0.0551117,0.0798917,0.0404875,0.0712255,0.0893703
HPV112,0.1087739,0.0586770,0.0673955,0.0903681,0.0700249,0.0361196,0.0196513,0.0509272,0.0664268,0.0405480,0.0390257,0.0524495,0.0799889,0.0413784,0.0723775,0.1058677
HPV113,0.0972878,0.0603157,0.0748887,0.0832546,0.0734044,0.0399406,0.0191607,0.0561328,0.0678721,0.0454729,0.0488463,0.0526245,0.0773175,0.0429092,0.0719201,0.0886520
HPV114,0.0703929,0.0624613,0.0593630,0.0760937,0.0726236,0.0593630,0.0252819,0.0544058,0.0494485,0.0557690,0.0685339,0.0687818,0.0758458,0.0340811,0.0893543,0.0782005
HPV115,0.0944482,0.0635452,0.0758528,0.0814716,0.0759866,0.0424080,0.0212709,0.0477592,0.0692977,0.0416054,0.0616722,0.0564548,0.0755853,0.0398662,0.0702341,0.0825418
HPV116,0.0974523,0.0566616,0.0704441,0.0886816,0.0654323,0.0357789,0.0180983,0.0517889,0.0696088,0.0375888,0.0474732,0.0593067,0.0806070,0.0410692,0.0781011,0.1019073
HPV117,0.0696732,0.0677730,0.0649861,0.0722067,0.0736002,0.0494046,0.0301495,0.0542184,0.0605523,0.0542184,0.0682797,0.0689131,0.0709400,0.0359767,0.0885483,0.0705599
HPV118,0.0963665,0.0581885,0.0726698,0.0858346,0.0729331,0.0446288,0.0215903,0.0508162,0.0667457,0.0468668,0.0498947,0.0550290,0.0771459,0.0402844,0.0743813,0.0866245
HPV119,0.1121379,0.0583448,0.0699310,0.0841379,0.0644138,0.0358621,0.0184828,0.0550345,0.0649655,0.0387586,0.0401379,0.0575172,0.0828966,0.0408276,0.0729655,0.1035862
HPV120,0.1029714,0.0570998,0.0728468,0.0890045,0.0686019,0.0394358,0.0230042,0.0487471,0.0717513,0.0435437,0.0479255,0.0546351,0.0784609,0.0398466,0.0740791,0.0880460
HPV121,0.1084321,0.0576216,0.0708350,0.0885438,0.0674295,0.0360986,0.0132135,0.0544885,0.0667484,0.0371884,0.0472688,0.0548972,0.0826863,0.0403215,0.0749217,0.0993053
HPV122,0.0961330,0.0596268,0.0765279,0.0832883,0.0743645,0.0378583,0.0210925,0.0507031,0.0685506,0.0443483,0.0511087,0.0566522,0.0765279,0.0421850,0.0719308,0.0891022
HPV123,0.1007096,0.0528111,0.0736900,0.0877456,0.0674127,0.0352074,0.0146015,0.0563592,0.0665939,0.0409389,0.0480349,0.0556769,0.0802402,0.0446234,0.0749181,0.1004367
HPV124,0.0962874,0.0600962,0.0717147,0.0860043,0.0715812,0.0424679,0.0209669,0.0522169,0.0662393,0.0416667,0.0503472,0.0566239,0.0799947,0.0430021,0.0718483,0.0889423
HPV125,0.0731301,0.0668545,0.0632684,0.0700564,0.0795338,0.0537910,0.0293289,0.0526383,0.0591701,0.0564805,0.0655738,0.0674949,0.0613473,0.0381660,0.0905482,0.0726178
HPV126,0.1022526,0.0550171,0.0709898,0.0917406,0.0662116,0.0361775,0.0203413,0.0528328,0.0698976,0.0395904,0.0420478,0.0533788,0.0817747,0.0447782,0.0713993,0.1015700
HPV127,0.1094708,0.0541783,0.0711699,0.0901114,0.0629526,0.0349582,0.0157382,0.0532033,0.0694986,0.0373259,0.0410864,0.0550139,0.0830084,0.0403900,0.0749304,0.1069638
HPV128,0.1182144,0.0535960,0.0662717,0.0909341,0.0642050,0.0338936,0.0148801,0.0520805,0.0653072,0.0354092,0.0383026,0.0558005,0.0811518,0.0421604,0.0753651,0.1124277
HPV129,0.1048767,0.0601275,0.0721807,0.0878360,0.0681629,0.0343585,0.0156553,0.0519534,0.0681629,0.0371294,0.0397617,0.0577722,0.0838182,0.0385148,0.0752286,0.1044611
HPV130,0.1135779,0.0542846,0.0752674,0.0870448,0.0643022,0.0326249,0.0128604,0.0536077,0.0702586,0.0381752,0.0435901,0.0544199,0.0819006,0.0384459,0.0747259,0.1049140
HPV131,0.1069489,0.0513856,0.0707422,0.0926055,0.0625261,0.0318897,0.0139256,0.0554240,0.0683749,0.0377385,0.0435872,0.0568166,0.0836931,0.0427517,0.0784013,0.1031890
HPV132,0.1017687,0.0555867,0.0714486,0.0926446,0.0648512,0.0360752,0.0168445,0.0512353,0.0701853,0.0397249,0.0464627,0.0539023,0.0845031,0.0376193,0.0756597,0.1014879
