,AA,AC,AG,AT,CA,CC,CG,CT,GA,GC,GG,GT,TA,TC,TG,TT,%GC
TbraPV2,0.0803466,0.0576506,0.0678428,0.0776147,0.0576506,0.0413657,0.0486789,0.0556904,0.0678428,0.0486789,0.0572849,0.0655361,0.0776147,0.0556904,0.0655361,0.0749757
TbraPV3,0.0897687,0.0571493,0.0698615,0.0828348,0.0571493,0.0363828,0.0444758,0.0527349,0.0698615,0.0444758,0.0543690,0.0644653,0.0828348,0.0527349,0.0644653,0.0764364
LcamPV1,0.1050280,0.0630818,0.0697477,0.0862227,0.0630818,0.0378882,0.0418918,0.0517870,0.0697477,0.0418918,0.0463185,0.0572593,0.0862227,0.0517870,0.0572593,0.0707845
MaegPV1,0.1074538,0.0581705,0.0709895,0.0911876,0.0581705,0.0314908,0.0384304,0.0493647,0.0709895,0.0384304,0.0468994,0.0602433,0.0911876,0.0493647,0.0602433,0.0773838
MaegPV2,0.1082651,0.0618897,0.0712652,0.0876166,0.0618897,0.0353792,0.0407387,0.0500860,0.0712652,0.0407387,0.0469102,0.0576734,0.0876166,0.0500860,0.0576734,0.0709062
RnPV4,0.0759425,0.0577327,0.0699972,0.0719042,0.0577327,0.0438894,0.0532131,0.0546628,0.0699972,0.0532131,0.0645174,0.0662751,0.0719042,0.0546628,0.0662751,0.0680806
AaPV1,0.0711331,0.0597663,0.0674430,0.0683655,0.0597663,0.0502159,0.0566659,0.0574410,0.0674430,0.0566659,0.0639443,0.0648190,0.0683655,0.0574410,0.0648190,0.0657056
AchePV1,0.0802175,0.0581210,0.0705809,0.0743076,0.0581210,0.0421111,0.0511389,0.0538390,0.0705809,0.0511389,0.0621019,0.0653809,0.0743076,0.0538390,0.0653809,0.0688330
AgPV1,0.0447759,0.0625328,0.0627795,0.0415150,0.0625328,0.0873317,0.0876761,0.0579787,0.0627795,0.0876761,0.0880219,0.0582074,0.0415150,0.0579787,0.0582074,0.0384916
AmPV1,0.0862259,0.0594859,0.0682845,0.0796461,0.0594859,0.0410384,0.0471084,0.0549466,0.0682845,0.0471084,0.0540762,0.0630738,0.0796461,0.0549466,0.0630738,0.0735684
AmPV2,0.0793661,0.0581498,0.0702256,0.0739784,0.0581498,0.0426051,0.0514527,0.0542023,0.0702256,0.0514527,0.0621378,0.0654584,0.0739784,0.0542023,0.0654584,0.0689565
AmPV3,0.0463074,0.0610155,0.0651632,0.0427054,0.0610155,0.0803952,0.0858603,0.0562694,0.0651632,0.0858603,0.0916970,0.0600946,0.0427054,0.0562694,0.0600946,0.0393836
AmPV4,0.1046760,0.0556762,0.0689883,0.0941963,0.0556762,0.0296136,0.0366942,0.0501021,0.0689883,0.0366942,0.0454677,0.0620814,0.0941963,0.0501021,0.0620814,0.0847657
AplaPV1,0.0565773,0.0616137,0.0678565,0.0518122,0.0616137,0.0670985,0.0738971,0.0564245,0.0678565,0.0738971,0.0813844,0.0621415,0.0518122,0.0564245,0.0621415,0.0474485
AsPV1,0.0793682,0.0583196,0.0691594,0.0748763,0.0583196,0.0428532,0.0508183,0.0550190,0.0691594,0.0508183,0.0602638,0.0652454,0.0748763,0.0550190,0.0652454,0.0706387
BPV1,0.0816121,0.0616585,0.0678064,0.0746014,0.0616585,0.0465834,0.0512282,0.0563618,0.0678064,0.0512282,0.0563360,0.0619816,0.0746014,0.0563618,0.0619816,0.0681929
BPV2,0.0805052,0.0611654,0.0687440,0.0733198,0.0611654,0.0464716,0.0522296,0.0557061,0.0687440,0.0522296,0.0587010,0.0626083,0.0733198,0.0557061,0.0626083,0.0667757
BPV3,0.0914239,0.0610047,0.0693575,0.0805777,0.0610047,0.0407068,0.0462804,0.0537673,0.0693575,0.0462804,0.0526171,0.0611292,0.0805777,0.0537673,0.0611292,0.0710183
BPV4,0.0954908,0.0595488,0.0702251,0.0837512,0.0595488,0.0371351,0.0437929,0.0522279,0.0702251,0.0437929,0.0516444,0.0615916,0.0837512,0.0522279,0.0615916,0.0734548
BPV5,0.0871906,0.0594328,0.0710331,0.0776242,0.0594328,0.0405118,0.0484191,0.0529118,0.0710331,0.0484191,0.0578697,0.0632394,0.0776242,0.0529118,0.0632394,0.0691073
BPV6,0.0870800,0.0604666,0.0679086,0.0796380,0.0604666,0.0419868,0.0471544,0.0552990,0.0679086,0.0471544,0.0529580,0.0621050,0.0796380,0.0552990,0.0621050,0.0728319
BPV7,0.0824276,0.0592642,0.0714656,0.0739446,0.0592642,0.0426100,0.0513827,0.0531651,0.0714656,0.0513827,0.0619615,0.0641108,0.0739446,0.0531651,0.0641108,0.0663347
BPV8,0.0808279,0.0616700,0.0698440,0.0719605,0.0616700,0.0470530,0.0532896,0.0549044,0.0698440,0.0532896,0.0603528,0.0621817,0.0719605,0.0549044,0.0621817,0.0640660
BPV9,0.0812754,0.0596488,0.0673781,0.0767861,0.0596488,0.0437768,0.0494495,0.0563540,0.0673781,0.0494495,0.0558572,0.0636565,0.0767861,0.0563540,0.0636565,0.0725448
BPV10,0.0886509,0.0598383,0.0697778,0.0794759,0.0598383,0.0403902,0.0470993,0.0536453,0.0697778,0.0470993,0.0549227,0.0625562,0.0794759,0.0536453,0.0625562,0.0712505
BPV11,0.0920301,0.0580626,0.0696919,0.0835800,0.0580626,0.0366322,0.0439692,0.0527314,0.0696919,0.0439692,0.0527757,0.0632929,0.0835800,0.0527314,0.0632929,0.0759059
BPV12,0.0925100,0.0590813,0.0674490,0.0851142,0.0590813,0.0377321,0.0430762,0.0543580,0.0674490,0.0430762,0.0491771,0.0620568,0.0851142,0.0543580,0.0620568,0.0783098
BPV13,0.0815199,0.0602523,0.0686087,0.0751360,0.0602523,0.0445331,0.0507095,0.0555339,0.0686087,0.0507095,0.0577424,0.0632359,0.0751360,0.0555339,0.0632359,0.0692521
BPV14,0.0908456,0.0613331,0.0692787,0.0799486,0.0613331,0.0414081,0.0467725,0.0539762,0.0692787,0.0467725,0.0528319,0.0609687,0.0799486,0.0539762,0.0609687,0.0703588
BPV15,0.0919551,0.0579149,0.0709489,0.0824222,0.0579149,0.0364757,0.0446848,0.0519108,0.0709489,0.0446848,0.0547413,0.0635936,0.0824222,0.0519108,0.0635936,0.0738775
BPV16,0.0888004,0.0608102,0.0717767,0.0766066,0.0608102,0.0416427,0.0491525,0.0524600,0.0717767,0.0491525,0.0580165,0.0619206,0.0766066,0.0524600,0.0619206,0.0660873
BPV17,0.0901135,0.0577911,0.0694304,0.0828541,0.0577911,0.0370622,0.0445267,0.0531355,0.0694304,0.0445267,0.0534945,0.0638372,0.0828541,0.0531355,0.0638372,0.0761796
BPV18,0.0976026,0.0586474,0.0706600,0.0855042,0.0586474,0.0352400,0.0424581,0.0513777,0.0706600,0.0424581,0.0511547,0.0619013,0.0855042,0.0513777,0.0619013,0.0749054
BPV19,0.0904224,0.0567161,0.0717243,0.0818403,0.0567161,0.0355743,0.0449880,0.0513331,0.0717243,0.0449880,0.0568927,0.0649169,0.0818403,0.0513331,0.0649169,0.0740728
BPV20,0.0865623,0.0612526,0.0698644,0.0765354,0.0612526,0.0433432,0.0494369,0.0541575,0.0698644,0.0494369,0.0563875,0.0617717,0.0765354,0.0541575,0.0617717,0.0676700
BPV21,0.0933286,0.0580740,0.0696546,0.0844401,0.0580740,0.0361367,0.0433428,0.0525431,0.0696546,0.0433428,0.0519858,0.0630208,0.0844401,0.0525431,0.0630208,0.0763982
BPV22,0.0918544,0.0611012,0.0728109,0.0773084,0.0611012,0.0406443,0.0484335,0.0514253,0.0728109,0.0484335,0.0577156,0.0612806,0.0773084,0.0514253,0.0612806,0.0650659
BPV23,0.0935274,0.0591739,0.0709330,0.0821882,0.0591739,0.0374387,0.0448786,0.0519997,0.0709330,0.0448786,0.0537970,0.0623332,0.0821882,0.0519997,0.0623332,0.0722238
BPV24,0.0947920,0.0596163,0.0681450,0.0853298,0.0596163,0.0374937,0.0428575,0.0536653,0.0681450,0.0428575,0.0489888,0.0613427,0.0853298,0.0536653,0.0613427,0.0768121
BPV25,0.0840776,0.0606045,0.0694489,0.0758303,0.0606045,0.0436848,0.0500599,0.0546598,0.0694489,0.0500599,0.0573655,0.0626366,0.0758303,0.0546598,0.0626366,0.0683920
BPV26,0.0897275,0.0583745,0.0695130,0.0819305,0.0583745,0.0379769,0.0452234,0.0533019,0.0695130,0.0452234,0.0538526,0.0634726,0.0819305,0.0533019,0.0634726,0.0748110
BPV27,0.1004621,0.0593250,0.0690624,0.0881081,0.0593250,0.0350327,0.0407828,0.0520297,0.0690624,0.0407828,0.0474767,0.0605696,0.0881081,0.0520297,0.0605696,0.0772733
BcosPV1,0.1004052,0.0556720,0.0719022,0.0888884,0.0556720,0.0308686,0.0398678,0.0492862,0.0719022,0.0398678,0.0514907,0.0636548,0.0888884,0.0492862,0.0636548,0.0786926
BgPV1,0.0827666,0.0595225,0.0681395,0.0772633,0.0595225,0.0428062,0.0490032,0.0555647,0.0681395,0.0490032,0.0560973,0.0636088,0.0772633,0.0555647,0.0636088,0.0721260
BpPV1,0.0852486,0.0586815,0.0703801,0.0776634,0.0586815,0.0403939,0.0484467,0.0534602,0.0703801,0.0484467,0.0581049,0.0641179,0.0776634,0.0534602,0.0641179,0.0707531
CPV1,0.0934411,0.0594529,0.0676569,0.0851305,0.0594529,0.0378275,0.0430474,0.0541651,0.0676569,0.0430474,0.0489876,0.0616395,0.0851305,0.0541651,0.0616395,0.0775590
CPV2,0.0767306,0.0604544,0.0672931,0.0725248,0.0604544,0.0476307,0.0530188,0.0571407,0.0672931,0.0530188,0.0590164,0.0636046,0.0725248,0.0571407,0.0636046,0.0685495
CPV3,0.0611454,0.0602262,0.0670412,0.0588632,0.0602262,0.0593208,0.0660334,0.0579782,0.0670412,0.0660334,0.0735056,0.0645389,0.0588632,0.0579782,0.0645389,0.0566661
CPV4,0.0589043,0.0608793,0.0685284,0.0543901,0.0608793,0.0629205,0.0708261,0.0562137,0.0685284,0.0708261,0.0797249,0.0632766,0.0543901,0.0562137,0.0632766,0.0502218
CPV5,0.0686963,0.0624207,0.0680587,0.0629241,0.0624207,0.0567184,0.0618413,0.0571758,0.0680587,0.0618413,0.0674270,0.0623401,0.0629241,0.0571758,0.0623401,0.0576369
CPV6,0.0998198,0.0600299,0.0670449,0.0890482,0.0600299,0.0361009,0.0403196,0.0535520,0.0670449,0.0403196,0.0450313,0.0598100,0.0890482,0.0535520,0.0598100,0.0794389
CPV7,0.0767614,0.0598349,0.0689599,0.0715023,0.0598349,0.0466408,0.0537537,0.0557355,0.0689599,0.0537537,0.0619512,0.0642353,0.0715023,0.0557355,0.0642353,0.0666036
CPV8,0.0623716,0.0602220,0.0677297,0.0594199,0.0602220,0.0581464,0.0653953,0.0573719,0.0677297,0.0653953,0.0735480,0.0645243,0.0594199,0.0573719,0.0645243,0.0566078
CPV9,0.0629294,0.0611770,0.0668486,0.0599024,0.0611770,0.0594733,0.0649870,0.0582343,0.0668486,0.0649870,0.0710118,0.0636331,0.0599024,0.0582343,0.0636331,0.0570210
CPV10,0.0645424,0.0612744,0.0690522,0.0591829,0.0612744,0.0581719,0.0655559,0.0561863,0.0690522,0.0655559,0.0738771,0.0633182,0.0591829,0.0561863,0.0633182,0.0542685
CPV11,0.0646421,0.0624657,0.0678255,0.0593148,0.0624657,0.0603626,0.0655419,0.0573178,0.0678255,0.0655419,0.0711656,0.0622358,0.0593148,0.0573178,0.0622358,0.0544266
CPV12,0.0603951,0.0606754,0.0665934,0.0580902,0.0606754,0.0609570,0.0669025,0.0583598,0.0665934,0.0669025,0.0734279,0.0640520,0.0580902,0.0583598,0.0640520,0.0558732
CPV13,0.0717521,0.0586323,0.0677152,0.0697662,0.0586323,0.0479114,0.0553335,0.0570095,0.0677152,0.0553335,0.0639055,0.0658411,0.0697662,0.0570095,0.0658411,0.0678353
CPV14,0.0585088,0.0611360,0.0677194,0.0545217,0.0611360,0.0638812,0.0707602,0.0569699,0.0677194,0.0707602,0.0783800,0.0631046,0.0545217,0.0569699,0.0631046,0.0508063
CPV15,0.0601435,0.0618466,0.0679335,0.0553182,0.0618466,0.0635979,0.0698571,0.0568846,0.0679335,0.0698571,0.0767324,0.0624831,0.0553182,0.0568846,0.0624831,0.0508799
CPV16,0.0668709,0.0621276,0.0686953,0.0609003,0.0621276,0.0577207,0.0638226,0.0565805,0.0686953,0.0638226,0.0705694,0.0625618,0.0609003,0.0565805,0.0625618,0.0554628
CPV17,0.0765258,0.0598387,0.0681650,0.0721035,0.0598387,0.0467903,0.0533010,0.0563807,0.0681650,0.0533010,0.0607176,0.0642259,0.0721035,0.0563807,0.0642259,0.0679368
CPV18,0.0627884,0.0606067,0.0673123,0.0598688,0.0606067,0.0585008,0.0649734,0.0577885,0.0673123,0.0649734,0.0721621,0.0641823,0.0598688,0.0577885,0.0641823,0.0570849
CPV19,0.0768925,0.0598170,0.0691754,0.0714102,0.0598170,0.0465334,0.0538135,0.0555521,0.0691754,0.0538135,0.0622327,0.0642432,0.0714102,0.0555521,0.0642432,0.0663187
CPV20,0.0592428,0.0602985,0.0668499,0.0570072,0.0602985,0.0613730,0.0680412,0.0580231,0.0668499,0.0680412,0.0754339,0.0643273,0.0570072,0.0580231,0.0643273,0.0548560
CPV21,0.0774497,0.0598214,0.0703781,0.0706487,0.0598214,0.0462054,0.0543593,0.0545684,0.0703781,0.0543593,0.0639521,0.0641981,0.0706487,0.0545684,0.0641981,0.0644450
CPV22,0.0766556,0.0615780,0.0686164,0.0700174,0.0615780,0.0494660,0.0551201,0.0562455,0.0686164,0.0551201,0.0614204,0.0626745,0.0700174,0.0562455,0.0626745,0.0639541
CPV23,0.0702185,0.0603221,0.0680048,0.0664423,0.0603221,0.0518206,0.0584205,0.0570781,0.0680048,0.0584205,0.0658610,0.0643476,0.0664423,0.0570781,0.0643476,0.0628691
CcPV1,0.0725619,0.0626619,0.0643119,0.0698375,0.0626619,0.0541126,0.0555375,0.0603092,0.0643119,0.0555375,0.0569999,0.0618972,0.0698375,0.0603092,0.0618972,0.0672154
CcaPV1,0.0709209,0.0589184,0.0670748,0.0693957,0.0589184,0.0489472,0.0557232,0.0576513,0.0670748,0.0557232,0.0634373,0.0656323,0.0693957,0.0576513,0.0656323,0.0679033
CcanPV1,0.0792128,0.0605076,0.0670582,0.0746690,0.0605076,0.0462195,0.0512232,0.0570368,0.0670582,0.0512232,0.0567687,0.0632117,0.0746690,0.0570368,0.0632117,0.0703859
CcrPV1,0.0999542,0.0564563,0.0649058,0.0948390,0.0564563,0.0318878,0.0366602,0.0535671,0.0649058,0.0366602,0.0421469,0.0615842,0.0948390,0.0535671,0.0615842,0.0899856
CdPV1,0.0794889,0.0594056,0.0697226,0.0733207,0.0594056,0.0443964,0.0521068,0.0547958,0.0697226,0.0521068,0.0611562,0.0643122,0.0733207,0.0547958,0.0643122,0.0676312
CdPV2,0.0792039,0.0621172,0.0707317,0.0693790,0.0621172,0.0487166,0.0554727,0.0544119,0.0707317,0.0554727,0.0631658,0.0619578,0.0693790,0.0544119,0.0619578,0.0607729
CePV1,0.0801446,0.0584271,0.0690056,0.0755209,0.0584271,0.0425946,0.0503066,0.0550563,0.0690056,0.0503066,0.0594148,0.0650245,0.0755209,0.0550563,0.0650245,0.0711639
CePV2,0.0886527,0.0587133,0.0697647,0.0806153,0.0587133,0.0388849,0.0462041,0.0533903,0.0697647,0.0462041,0.0549010,0.0634397,0.0806153,0.0533903,0.0634397,0.0733065
CgPV1,0.0583818,0.0600910,0.0652185,0.0579320,0.0600910,0.0618502,0.0671278,0.0596280,0.0652185,0.0671278,0.0728558,0.0647160,0.0579320,0.0596280,0.0647160,0.0574857
CgPV2,0.0782485,0.0611066,0.0707148,0.0696594,0.0611066,0.0477200,0.0552233,0.0543991,0.0707148,0.0552233,0.0639065,0.0629526,0.0696594,0.0543991,0.0629526,0.0620131
ChPV1,0.0818709,0.0603220,0.0673026,0.0766355,0.0603220,0.0444448,0.0495881,0.0564645,0.0673026,0.0495881,0.0553266,0.0629987,0.0766355,0.0564645,0.0629987,0.0717348
CmPV1,0.0716388,0.0624000,0.0639013,0.0697141,0.0624000,0.0543528,0.0556604,0.0607235,0.0639013,0.0556604,0.0569996,0.0621845,0.0697141,0.0607235,0.0621845,0.0678410
DdPV1,0.0854289,0.0564315,0.0665936,0.0838283,0.0564315,0.0372767,0.0439895,0.0553741,0.0665936,0.0439895,0.0519111,0.0653459,0.0838283,0.0553741,0.0653459,0.0822576
EaPV1,0.0644060,0.0604974,0.0667171,0.0621628,0.0604974,0.0568261,0.0626683,0.0583904,0.0667171,0.0626683,0.0691112,0.0643935,0.0621628,0.0583904,0.0643935,0.0599978
EaPV2,0.0525399,0.0596935,0.0655847,0.0513977,0.0596935,0.0678211,0.0745144,0.0583958,0.0655847,0.0745144,0.0818683,0.0641590,0.0513977,0.0583958,0.0641590,0.0502804
EcPV1,0.0561335,0.0575968,0.0678708,0.0553240,0.0575968,0.0590982,0.0696400,0.0567662,0.0678708,0.0696400,0.0820623,0.0668921,0.0553240,0.0567662,0.0668921,0.0545262
EcPV2,0.0471307,0.0567571,0.0650481,0.0481601,0.0567571,0.0683498,0.0783342,0.0579968,0.0650481,0.0783342,0.0897771,0.0664689,0.0481601,0.0579968,0.0664689,0.0492120
EcPV3,0.0658746,0.0598491,0.0706815,0.0602553,0.0598491,0.0543747,0.0642163,0.0547438,0.0706815,0.0642163,0.0758391,0.0646521,0.0602553,0.0547438,0.0646521,0.0551153
EcPV4,0.0527527,0.0593202,0.0667086,0.0508980,0.0593202,0.0667053,0.0750136,0.0572346,0.0667086,0.0750136,0.0843566,0.0643633,0.0508980,0.0572346,0.0643633,0.0491085
EcPV5,0.0633842,0.0583952,0.0679380,0.0620449,0.0583952,0.0537988,0.0625905,0.0571613,0.0679380,0.0625905,0.0728189,0.0665024,0.0620449,0.0571613,0.0665024,0.0607338
EcPV6,0.0629810,0.0602889,0.0685313,0.0591589,0.0602889,0.0577119,0.0656020,0.0566302,0.0685313,0.0656020,0.0745707,0.0643724,0.0591589,0.0566302,0.0643724,0.0555688
EcPV7,0.0587676,0.0591176,0.0680584,0.0564767,0.0591176,0.0594697,0.0684637,0.0568131,0.0680584,0.0684637,0.0788180,0.0654053,0.0564767,0.0568131,0.0654053,0.0542751
EcPV8,0.0528070,0.0621341,0.0657128,0.0491437,0.0621341,0.0731087,0.0773195,0.0578239,0.0657128,0.0773195,0.0817729,0.0611543,0.0491437,0.0578239,0.0611543,0.0457346
EcPV9,0.0551538,0.0583747,0.0659208,0.0553379,0.0583747,0.0617837,0.0697704,0.0585695,0.0659208,0.0697704,0.0787896,0.0661407,0.0553379,0.0585695,0.0661407,0.0555225
EdPV1,0.0807668,0.0597620,0.0675288,0.0761373,0.0597620,0.0442200,0.0499668,0.0563366,0.0675288,0.0499668,0.0564606,0.0636581,0.0761373,0.0563366,0.0636581,0.0717732
EdPV2,0.0940844,0.0574534,0.0692227,0.0859712,0.0574534,0.0350844,0.0422714,0.0524991,0.0692227,0.0422714,0.0509307,0.0632535,0.0859712,0.0524991,0.0632535,0.0785577
EePV1,0.0922817,0.0580992,0.0688433,0.0845548,0.0580992,0.0365784,0.0433428,0.0532345,0.0688433,0.0433428,0.0513580,0.0630789,0.0845548,0.0532345,0.0630789,0.0774748
EhPV1,0.0945186,0.0605839,0.0698955,0.0824408,0.0605839,0.0388326,0.0448011,0.0528423,0.0698955,0.0448011,0.0516869,0.0609641,0.0824408,0.0528423,0.0609641,0.0719063
EhPV2,0.0661483,0.0616242,0.0692182,0.0602024,0.0616242,0.0574096,0.0644842,0.0560850,0.0692182,0.0644842,0.0724306,0.0629963,0.0602024,0.0560850,0.0629963,0.0547909
EhPV3,0.0717175,0.0614961,0.0714159,0.0631717,0.0614961,0.0527315,0.0612375,0.0541683,0.0714159,0.0612375,0.0711156,0.0629061,0.0631717,0.0541683,0.0629061,0.0556443
ElPV1,0.0881642,0.0585950,0.0686326,0.0815329,0.0585950,0.0389429,0.0456140,0.0541877,0.0686326,0.0456140,0.0534279,0.0634703,0.0815329,0.0541877,0.0634703,0.0754003
EsPV1,0.0775958,0.0575066,0.0698580,0.0735998,0.0575066,0.0426184,0.0517721,0.0545452,0.0698580,0.0517721,0.0628918,0.0662605,0.0735998,0.0545452,0.0662605,0.0698095
EsPV2,0.0700075,0.0577807,0.0712302,0.0655709,0.0577807,0.0476892,0.0587898,0.0541189,0.0712302,0.0587898,0.0724743,0.0667161,0.0655709,0.0541189,0.0667161,0.0614155
EsPV3,0.0787577,0.0563023,0.0697683,0.0758098,0.0563023,0.0402494,0.0498759,0.0541949,0.0697683,0.0498759,0.0618049,0.0671568,0.0758098,0.0541949,0.0671568,0.0729721
FarcPV1,0.0515537,0.0623420,0.0657612,0.0473681,0.0623420,0.0753878,0.0795225,0.0572805,0.0657612,0.0795225,0.0838840,0.0604221,0.0473681,0.0572805,0.0604221,0.0435223
FcPV1,0.0695966,0.0581962,0.0676851,0.0683337,0.0581962,0.0486634,0.0565979,0.0571402,0.0676851,0.0565979,0.0658262,0.0664569,0.0683337,0.0571402,0.0664569,0.0670937
FcaPV1,0.0781977,0.0609140,0.0680566,0.0724702,0.0609140,0.0474505,0.0530144,0.0564524,0.0680566,0.0530144,0.0592307,0.0630719,0.0724702,0.0564524,0.0630719,0.0671622
FcaPV2,0.0539670,0.0568785,0.0663485,0.0551139,0.0568785,0.0599472,0.0699280,0.0580874,0.0663485,0.0699280,0.0815707,0.0677586,0.0551139,0.0580874,0.0677586,0.0562853
FcaPV3,0.0740144,0.0567575,0.0702114,0.0710366,0.0567575,0.0435242,0.0538413,0.0544740,0.0702114,0.0538413,0.0666039,0.0673867,0.0710366,0.0544740,0.0673867,0.0681786
FcaPV4,0.0669760,0.0561362,0.0702042,0.0654469,0.0561362,0.0470507,0.0588419,0.0548545,0.0702042,0.0588419,0.0735880,0.0686014,0.0654469,0.0548545,0.0686014,0.0639527
FcaPV5,0.0762051,0.0547020,0.0729360,0.0722096,0.0547020,0.0392666,0.0523554,0.0518339,0.0729360,0.0523554,0.0698072,0.0691119,0.0722096,0.0518339,0.0691119,0.0684235
FgPV1,0.0761467,0.0632520,0.0694957,0.0670525,0.0632520,0.0525408,0.0577273,0.0556978,0.0694957,0.0577273,0.0634257,0.0611959,0.0670525,0.0556978,0.0611959,0.0590445
FlPV1,0.0567377,0.0615347,0.0645527,0.0553717,0.0615347,0.0667373,0.0700104,0.0600532,0.0645527,0.0700104,0.0734440,0.0629985,0.0553717,0.0600532,0.0629985,0.0540386
GcPV1,0.0675405,0.0603402,0.0691631,0.0628417,0.0603402,0.0539076,0.0617898,0.0561424,0.0691631,0.0617898,0.0708247,0.0643514,0.0628417,0.0561424,0.0643514,0.0584699
HPV1,0.0938949,0.0580619,0.0654324,0.0890335,0.0580619,0.0359038,0.0404615,0.0550558,0.0654324,0.0404615,0.0455978,0.0620447,0.0890335,0.0550558,0.0620447,0.0844239
HPV2,0.0653954,0.0581726,0.0655906,0.0665666,0.0581726,0.0517476,0.0583463,0.0592145,0.0655906,0.0583463,0.0657864,0.0667653,0.0665666,0.0592145,0.0667653,0.0677589
HPV3,0.0770737,0.0581159,0.0682693,0.0741626,0.0581159,0.0438212,0.0514771,0.0559208,0.0682693,0.0514771,0.0604707,0.0656907,0.0741626,0.0559208,0.0656907,0.0713614
HPV4,0.1032757,0.0563799,0.0674374,0.0942724,0.0563799,0.0307787,0.0368151,0.0514649,0.0674374,0.0368151,0.0440355,0.0615583,0.0942724,0.0514649,0.0615583,0.0860540
HPV5,0.0939305,0.0610904,0.0688454,0.0826145,0.0610904,0.0397319,0.0447756,0.0537307,0.0688454,0.0447756,0.0504596,0.0605515,0.0826145,0.0537307,0.0605515,0.0726618
HPV6,0.0944970,0.0588973,0.0662402,0.0877692,0.0588973,0.0367089,0.0412856,0.0547040,0.0662402,0.0412856,0.0464328,0.0615241,0.0877692,0.0547040,0.0615241,0.0815204
HPV7,0.0937686,0.0553532,0.0656914,0.0914034,0.0553532,0.0326760,0.0387788,0.0539570,0.0656914,0.0387788,0.0460214,0.0640344,0.0914034,0.0539570,0.0640344,0.0890978
HPV8,0.0913218,0.0612365,0.0685802,0.0810565,0.0612365,0.0410626,0.0459870,0.0543530,0.0685802,0.0459870,0.0515018,0.0608712,0.0810565,0.0543530,0.0608712,0.0719451
HPV9,0.1010374,0.0595621,0.0707219,0.0865424,0.0595621,0.0351121,0.0416909,0.0510172,0.0707219,0.0416909,0.0495024,0.0605760,0.0865424,0.0510172,0.0605760,0.0741269
HPV10,0.0750202,0.0571039,0.0685178,0.0732563,0.0571039,0.0434664,0.0521544,0.0557612,0.0685178,0.0521544,0.0625789,0.0669067,0.0732563,0.0557612,0.0669067,0.0715338
HPV11,0.0920313,0.0581029,0.0664033,0.0868292,0.0581029,0.0366826,0.0419229,0.0548186,0.0664033,0.0419229,0.0479119,0.0626498,0.0868292,0.0548186,0.0626498,0.0819211
HPV12,0.0958069,0.0617602,0.0691423,0.0828175,0.0617602,0.0398125,0.0445713,0.0533868,0.0691423,0.0445713,0.0498989,0.0597681,0.0828175,0.0533868,0.0597681,0.0715892
HPV13,0.0968252,0.0584426,0.0642869,0.0916128,0.0584426,0.0352753,0.0388029,0.0552965,0.0642869,0.0388029,0.0426831,0.0608261,0.0916128,0.0552965,0.0608261,0.0866809
HPV14,0.0978741,0.0599494,0.0685484,0.0864765,0.0599494,0.0367200,0.0419870,0.0529682,0.0685484,0.0419870,0.0480095,0.0605658,0.0864765,0.0529682,0.0605658,0.0764060
HPV15,0.1025589,0.0570684,0.0696398,0.0909811,0.0570684,0.0317554,0.0387507,0.0506259,0.0696398,0.0387507,0.0472870,0.0617782,0.0909811,0.0506259,0.0617782,0.0807103
HPV16,0.1079853,0.0572347,0.0628460,0.1005452,0.0572347,0.0303357,0.0333098,0.0532913,0.0628460,0.0333098,0.0365755,0.0585159,0.1005452,0.0532913,0.0585159,0.0936177
HPV17,0.0983624,0.0576491,0.0705304,0.0870860,0.0576491,0.0337874,0.0413370,0.0510401,0.0705304,0.0413370,0.0505735,0.0624447,0.0870860,0.0510401,0.0624447,0.0771023
HPV18,0.0906043,0.0571209,0.0645915,0.0886888,0.0571209,0.0360115,0.0407213,0.0559133,0.0645915,0.0407213,0.0460470,0.0632259,0.0886888,0.0559133,0.0632259,0.0868137
HPV19,0.0994896,0.0599236,0.0682554,0.0877511,0.0599236,0.0360926,0.0411109,0.0528534,0.0682554,0.0411109,0.0468270,0.0602022,0.0877511,0.0528534,0.0602022,0.0773976
HPV20,0.0982160,0.0610062,0.0686017,0.0855704,0.0610062,0.0378936,0.0426115,0.0531515,0.0686017,0.0426115,0.0479168,0.0597690,0.0855704,0.0531515,0.0597690,0.0745529
HPV21,0.0972600,0.0608576,0.0673523,0.0863954,0.0608576,0.0380799,0.0421438,0.0540594,0.0673523,0.0421438,0.0466413,0.0598286,0.0863954,0.0540594,0.0598286,0.0767445
HPV22,0.0987195,0.0576539,0.0688264,0.0889968,0.0576539,0.0336709,0.0401958,0.0519756,0.0688264,0.0401958,0.0479853,0.0620479,0.0889968,0.0519756,0.0620479,0.0802316
HPV23,0.1012950,0.0577090,0.0691813,0.0900834,0.0577090,0.0328776,0.0394135,0.0513217,0.0691813,0.0394135,0.0472487,0.0615242,0.0900834,0.0513217,0.0615242,0.0801128
HPV24,0.1024309,0.0580657,0.0699623,0.0895895,0.0580657,0.0329160,0.0396599,0.0507862,0.0699623,0.0396599,0.0477855,0.0611913,0.0895895,0.0507862,0.0611913,0.0783579
HPV25,0.0933840,0.0605788,0.0673141,0.0843111,0.0605788,0.0392978,0.0436671,0.0546931,0.0673141,0.0436671,0.0485222,0.0607741,0.0843111,0.0546931,0.0607741,0.0761196
HPV26,0.0994397,0.0581704,0.0635499,0.0941806,0.0581704,0.0340286,0.0371755,0.0550940,0.0635499,0.0371755,0.0406134,0.0601889,0.0941806,0.0550940,0.0601889,0.0891997
HPV27,0.0654225,0.0583022,0.0662391,0.0658145,0.0583022,0.0519568,0.0590299,0.0586515,0.0662391,0.0590299,0.0670659,0.0666359,0.0658145,0.0586515,0.0666359,0.0662088
HPV28,0.0737212,0.0572099,0.0680241,0.0725613,0.0572099,0.0443965,0.0527887,0.0563097,0.0680241,0.0527887,0.0627673,0.0669539,0.0725613,0.0563097,0.0669539,0.0714197
HPV29,0.0756319,0.0578444,0.0679194,0.0736169,0.0578444,0.0442402,0.0519457,0.0563033,0.0679194,0.0519457,0.0609933,0.0661098,0.0736169,0.0563033,0.0661098,0.0716556
HPV30,0.0931136,0.0584486,0.0647831,0.0887999,0.0584486,0.0366889,0.0406652,0.0557408,0.0647831,0.0406652,0.0450724,0.0617819,0.0887999,0.0557408,0.0617819,0.0846860
HPV31,0.1020896,0.0550832,0.0634829,0.0988589,0.0550832,0.0297205,0.0342527,0.0533400,0.0634829,0.0342527,0.0394759,0.0614740,0.0988589,0.0533400,0.0614740,0.0957305
HPV32,0.0901282,0.0578102,0.0652015,0.0870736,0.0578102,0.0370808,0.0418217,0.0558510,0.0652015,0.0418217,0.0471688,0.0629918,0.0870736,0.0558510,0.0629918,0.0841226
HPV33,0.1034644,0.0550672,0.0625098,0.1006175,0.0550672,0.0293085,0.0332697,0.0535519,0.0625098,0.0332697,0.0377663,0.0607898,0.1006175,0.0535519,0.0607898,0.0978490
HPV34,0.1027019,0.0555627,0.0669741,0.0952326,0.0555627,0.0300600,0.0362336,0.0515218,0.0669741,0.0362336,0.0436752,0.0621032,0.0952326,0.0515218,0.0621032,0.0883066
HPV35,0.1063957,0.0554334,0.0649966,0.0993578,0.0554334,0.0288814,0.0338640,0.0517666,0.0649966,0.0338640,0.0397061,0.0606972,0.0993578,0.0517666,0.0606972,0.0927855
HPV36,0.0915921,0.0586707,0.0694877,0.0828914,0.0586707,0.0375824,0.0445114,0.0530973,0.0694877,0.0445114,0.0527179,0.0628868,0.0828914,0.0530973,0.0628868,0.0750173
HPV37,0.0998529,0.0571866,0.0709403,0.0880154,0.0571866,0.0327512,0.0406281,0.0504071,0.0709403,0.0406281,0.0503994,0.0625303,0.0880154,0.0504071,0.0625303,0.0775811
HPV38,0.0970238,0.0582143,0.0684007,0.0878476,0.0582143,0.0349286,0.0410404,0.0527086,0.0684007,0.0410404,0.0482218,0.0619316,0.0878476,0.0527086,0.0619316,0.0795392
HPV39,0.0959236,0.0587166,0.0656361,0.0894390,0.0587166,0.0359415,0.0401771,0.0547473,0.0656361,0.0401771,0.0449117,0.0611990,0.0894390,0.0547473,0.0611990,0.0833929
HPV40,0.0803578,0.0574548,0.0666662,0.0789958,0.0574548,0.0410794,0.0476654,0.0564809,0.0666662,0.0476654,0.0553073,0.0655362,0.0789958,0.0564809,0.0655362,0.0776569
HPV41,0.0761424,0.0603413,0.0691478,0.0703076,0.0603413,0.0478192,0.0547983,0.0557173,0.0691478,0.0547983,0.0627959,0.0638490,0.0703076,0.0557173,0.0638490,0.0649199
HPV42,0.0944415,0.0573714,0.0639314,0.0915691,0.0573714,0.0348520,0.0388371,0.0556264,0.0639314,0.0388371,0.0432779,0.0619869,0.0915691,0.0556264,0.0619869,0.0887840
HPV43,0.0915489,0.0559234,0.0660913,0.0890070,0.0559234,0.0341612,0.0403724,0.0543706,0.0660913,0.0403724,0.0477128,0.0642562,0.0890070,0.0543706,0.0642562,0.0865356
HPV44,0.0925533,0.0600062,0.0651718,0.0864944,0.0600062,0.0389046,0.0422536,0.0560780,0.0651718,0.0422536,0.0458910,0.0609054,0.0864944,0.0560780,0.0609054,0.0808322
HPV45,0.0939831,0.0570375,0.0644500,0.0910961,0.0570375,0.0346155,0.0391141,0.0552854,0.0644500,0.0391141,0.0441973,0.0624702,0.0910961,0.0552854,0.0624702,0.0882978
HPV47,0.0940201,0.0602062,0.0685406,0.0838601,0.0602062,0.0385533,0.0438903,0.0537002,0.0685406,0.0438903,0.0499661,0.0611339,0.0838601,0.0537002,0.0611339,0.0747979
HPV48,0.1036659,0.0527399,0.0656188,0.0999473,0.0527399,0.0268314,0.0333835,0.0508481,0.0656188,0.0333835,0.0415356,0.0632650,0.0999473,0.0508481,0.0632650,0.0963622
HPV49,0.0979458,0.0594464,0.0692161,0.0863546,0.0594464,0.0360799,0.0420095,0.0524113,0.0692161,0.0420095,0.0489135,0.0610249,0.0863546,0.0524113,0.0610249,0.0761351
HPV50,0.1054622,0.0544715,0.0651397,0.0996760,0.0544715,0.0281346,0.0336448,0.0514829,0.0651397,0.0336448,0.0402342,0.0615659,0.0996760,0.0514829,0.0615659,0.0942073
HPV51,0.0947958,0.0563885,0.0639202,0.0927848,0.0563885,0.0335423,0.0380224,0.0551923,0.0639202,0.0380224,0.0431009,0.0625641,0.0927848,0.0551923,0.0625641,0.0908164
HPV52,0.1022840,0.0583502,0.0652765,0.0939080,0.0583502,0.0332872,0.0372385,0.0535719,0.0652765,0.0372385,0.0416588,0.0599310,0.0939080,0.0535719,0.0599310,0.0862179
HPV53,0.0928702,0.0576997,0.0646020,0.0895742,0.0576997,0.0358485,0.0401369,0.0556519,0.0646020,0.0401369,0.0449382,0.0623092,0.0895742,0.0556519,0.0623092,0.0863952
HPV54,0.0898686,0.0591139,0.0663776,0.0844208,0.0591139,0.0388840,0.0436619,0.0555305,0.0663776,0.0436619,0.0490269,0.0623538,0.0844208,0.0555305,0.0623538,0.0793033
HPV56,0.1038409,0.0549190,0.0673240,0.0961596,0.0549190,0.0290454,0.0356061,0.0508566,0.0673240,0.0356061,0.0436488,0.0623440,0.0961596,0.0508566,0.0623440,0.0890465
HPV57,0.0629939,0.0596095,0.0660590,0.0623234,0.0596095,0.0564070,0.0625100,0.0589751,0.0660590,0.0625100,0.0692732,0.0653559,0.0623234,0.0589751,0.0653559,0.0616601
HPV58,0.1010401,0.0563907,0.0640286,0.0964086,0.0563907,0.0314718,0.0357345,0.0538059,0.0640286,0.0357345,0.0405746,0.0610937,0.0964086,0.0538059,0.0610937,0.0919894
HPV59,0.1002457,0.0579420,0.0643978,0.0940305,0.0579420,0.0334905,0.0372219,0.0543496,0.0643978,0.0372219,0.0413692,0.0604052,0.0940305,0.0543496,0.0604052,0.0882006
HPV60,0.1105042,0.0564112,0.0664571,0.0990492,0.0564112,0.0287973,0.0339256,0.0505636,0.0664571,0.0339256,0.0399672,0.0595681,0.0990492,0.0505636,0.0595681,0.0887817
HPV61,0.0699543,0.0571420,0.0653193,0.0720731,0.0571420,0.0466763,0.0533560,0.0588728,0.0653193,0.0533560,0.0609915,0.0672978,0.0720731,0.0588728,0.0672978,0.0742561
HPV62,0.0727106,0.0580152,0.0661460,0.0727772,0.0580152,0.0462899,0.0527773,0.0580684,0.0661460,0.0527773,0.0601741,0.0662066,0.0727772,0.0580684,0.0662066,0.0728440
HPV63,0.0928474,0.0563554,0.0668468,0.0886591,0.0563554,0.0342059,0.0405738,0.0538132,0.0668468,0.0405738,0.0481273,0.0638314,0.0886591,0.0538132,0.0638314,0.0846598
HPV65,0.0973358,0.0557546,0.0672385,0.0916579,0.0557546,0.0319366,0.0385147,0.0525023,0.0672385,0.0385147,0.0464477,0.0633163,0.0916579,0.0525023,0.0633163,0.0863112
HPV66,0.0997442,0.0546958,0.0667249,0.0946581,0.0546958,0.0299931,0.0365893,0.0519068,0.0667249,0.0365893,0.0446363,0.0633225,0.0946581,0.0519068,0.0633225,0.0898314
HPV67,0.0997656,0.0583451,0.0632038,0.0945425,0.0583451,0.0341214,0.0369629,0.0552905,0.0632038,0.0369629,0.0400410,0.0598948,0.0945425,0.0552905,0.0598948,0.0895928
HPV68,0.0960350,0.0580410,0.0662816,0.0895376,0.0580410,0.0350784,0.0400588,0.0541141,0.0662816,0.0400588,0.0457463,0.0617972,0.0895376,0.0541141,0.0617972,0.0834798
HPV69,0.0985308,0.0570313,0.0646544,0.0936796,0.0570313,0.0330106,0.0374231,0.0542233,0.0646544,0.0374231,0.0424253,0.0614712,0.0936796,0.0542233,0.0614712,0.0890674
HPV70,0.0941065,0.0580162,0.0656999,0.0889452,0.0580162,0.0357667,0.0405037,0.0548343,0.0656999,0.0405037,0.0458680,0.0620966,0.0889452,0.0548343,0.0620966,0.0840670
HPV71,0.0768497,0.0569819,0.0660535,0.0773326,0.0569819,0.0422505,0.0489769,0.0573400,0.0660535,0.0489769,0.0567740,0.0664686,0.0773326,0.0573400,0.0664686,0.0778186
HPV72,0.0714854,0.0570612,0.0650263,0.0737947,0.0570612,0.0455474,0.0519054,0.0589045,0.0650263,0.0519054,0.0591508,0.0671269,0.0737947,0.0589045,0.0671269,0.0761785
HPV73,0.1113999,0.0550064,0.0659730,0.1013869,0.0550064,0.0271608,0.0325758,0.0500623,0.0659730,0.0325758,0.0390704,0.0600431,0.1013869,0.0500623,0.0600431,0.0922739
HPV74,0.0896884,0.0598049,0.0629945,0.0869924,0.0598049,0.0398784,0.0420052,0.0580072,0.0629945,0.0420052,0.0442455,0.0611009,0.0869924,0.0580072,0.0611009,0.0843775
HPV75,0.0979623,0.0588023,0.0705960,0.0856287,0.0588023,0.0352963,0.0423755,0.0513990,0.0705960,0.0423755,0.0508746,0.0617079,0.0856287,0.0513990,0.0617079,0.0748480
HPV76,0.0976511,0.0596504,0.0704959,0.0846944,0.0596504,0.0364375,0.0430626,0.0517358,0.0704959,0.0430626,0.0508921,0.0611423,0.0846944,0.0517358,0.0611423,0.0734569
HPV77,0.0726612,0.0568713,0.0671245,0.0729005,0.0568713,0.0445126,0.0525377,0.0570585,0.0671245,0.0525377,0.0620097,0.0673455,0.0729005,0.0570585,0.0673455,0.0731405
HPV78,0.0753969,0.0569159,0.0679273,0.0743448,0.0569159,0.0429649,0.0512772,0.0561217,0.0679273,0.0512772,0.0611978,0.0669795,0.0743448,0.0561217,0.0669795,0.0733075
HPV80,0.1013994,0.0570238,0.0697148,0.0902948,0.0570238,0.0320683,0.0392053,0.0507789,0.0697148,0.0392053,0.0479308,0.0620801,0.0902948,0.0507789,0.0620801,0.0804063
HPV81,0.0747247,0.0566024,0.0658160,0.0762151,0.0566024,0.0428752,0.0498542,0.0577314,0.0658160,0.0498542,0.0579694,0.0671287,0.0762151,0.0577314,0.0671287,0.0777352
HPV82,0.0912240,0.0577969,0.0635920,0.0894202,0.0577969,0.0366185,0.0402901,0.0566541,0.0635920,0.0402901,0.0443298,0.0623346,0.0894202,0.0566541,0.0623346,0.0876521
HPV83,0.0730947,0.0581488,0.0658553,0.0732615,0.0581488,0.0462590,0.0523897,0.0582815,0.0658553,0.0523897,0.0593329,0.0660056,0.0732615,0.0582815,0.0660056,0.0734287
HPV84,0.0697444,0.0574834,0.0651590,0.0717048,0.0574834,0.0473780,0.0537042,0.0590992,0.0651590,0.0537042,0.0608751,0.0669905,0.0717048,0.0590992,0.0669905,0.0737203
HPV85,0.1025770,0.0570282,0.0638749,0.0967963,0.0570282,0.0317051,0.0355116,0.0538144,0.0638749,0.0355116,0.0397750,0.0602752,0.0967963,0.0538144,0.0602752,0.0913414
HPV86,0.0728723,0.0579258,0.0660416,0.0731090,0.0579258,0.0460450,0.0524961,0.0581140,0.0660416,0.0524961,0.0598511,0.0662561,0.0731090,0.0581140,0.0662561,0.0733465
HPV87,0.0744794,0.0576593,0.0657452,0.0750253,0.0576593,0.0446377,0.0508976,0.0580819,0.0657452,0.0508976,0.0580353,0.0662271,0.0750253,0.0580819,0.0662271,0.0755752
HPV88,0.0947456,0.0575196,0.0659648,0.0895777,0.0575196,0.0349199,0.0400469,0.0543822,0.0659648,0.0400469,0.0459267,0.0623667,0.0895777,0.0543822,0.0623667,0.0846916
HPV89,0.0716977,0.0588697,0.0646705,0.0725264,0.0588697,0.0483368,0.0530998,0.0595501,0.0646705,0.0530998,0.0583320,0.0654179,0.0725264,0.0595501,0.0654179,0.0733647
HPV90,0.0703078,0.0592500,0.0644984,0.0711000,0.0592500,0.0499314,0.0543542,0.0599176,0.0644984,0.0543542,0.0591689,0.0652251,0.0711000,0.0599176,0.0652251,0.0719012
HPV91,0.0945914,0.0564846,0.0672950,0.0891862,0.0564846,0.0337294,0.0401847,0.0532569,0.0672950,0.0401847,0.0478756,0.0634496,0.0891862,0.0532569,0.0634496,0.0840898
HPV92,0.1039049,0.0563376,0.0724958,0.0896045,0.0563376,0.0305465,0.0393075,0.0485839,0.0724958,0.0393075,0.0505813,0.0625182,0.0896045,0.0485839,0.0625182,0.0772722
HPV93,0.1046457,0.0572295,0.0701257,0.0914890,0.0572295,0.0312981,0.0383509,0.0500343,0.0701257,0.0383509,0.0469929,0.0613090,0.0914890,0.0500343,0.0613090,0.0799865
HPV94,0.0727035,0.0568285,0.0678452,0.0722587,0.0568285,0.0444198,0.0530310,0.0564808,0.0678452,0.0530310,0.0633115,0.0674301,0.0722587,0.0564808,0.0674301,0.0718167
HPV95,0.1011963,0.0567116,0.0676810,0.0925248,0.0567116,0.0317818,0.0379292,0.0518520,0.0676810,0.0379292,0.0452657,0.0618814,0.0925248,0.0518520,0.0618814,0.0845964
HPV96,0.1004169,0.0560665,0.0716594,0.0887435,0.0560665,0.0313040,0.0400101,0.0495488,0.0716594,0.0400101,0.0511375,0.0633290,0.0887435,0.0495488,0.0633290,0.0784271
HPV97,0.1011991,0.0559333,0.0631531,0.0978326,0.0559333,0.0309146,0.0349051,0.0540726,0.0631531,0.0349051,0.0394106,0.0610522,0.0978326,0.0540726,0.0610522,0.0945780
HPV98,0.0955643,0.0575953,0.0704725,0.0855027,0.0575953,0.0347119,0.0424728,0.0515313,0.0704725,0.0424728,0.0519689,0.0630527,0.0855027,0.0515313,0.0630527,0.0765005
HPV99,0.0926379,0.0602166,0.0685592,0.0829511,0.0602166,0.0391421,0.0445649,0.0539200,0.0685592,0.0445649,0.0507391,0.0613902,0.0829511,0.0539200,0.0613902,0.0742771
HPV100,0.1005354,0.0569271,0.0693866,0.0902241,0.0569271,0.0322344,0.0392894,0.0510884,0.0693866,0.0392894,0.0478886,0.0622700,0.0902241,0.0510884,0.0622700,0.0809703
HPV101,0.0827385,0.0569818,0.0670071,0.0809157,0.0569818,0.0392432,0.0461476,0.0557264,0.0670071,0.0461476,0.0542667,0.0655308,0.0809157,0.0557264,0.0655308,0.0791330
HPV102,0.0760716,0.0583170,0.0665797,0.0748425,0.0583170,0.0447062,0.0510405,0.0573747,0.0665797,0.0510405,0.0582722,0.0655039,0.0748425,0.0573747,0.0655039,0.0736332
HPV103,0.0906704,0.0571302,0.0680339,0.0852807,0.0571302,0.0359970,0.0428673,0.0537343,0.0680339,0.0428673,0.0510487,0.0639898,0.0852807,0.0537343,0.0639898,0.0802115
HPV104,0.1013180,0.0568001,0.0690393,0.0911474,0.0568001,0.0318429,0.0387043,0.0510984,0.0690393,0.0387043,0.0470442,0.0621090,0.0911474,0.0510984,0.0621090,0.0819978
HPV105,0.0905408,0.0609885,0.0683667,0.0810040,0.0609885,0.0410820,0.0460520,0.0545644,0.0683667,0.0460520,0.0516233,0.0611656,0.0810040,0.0545644,0.0611656,0.0724717
HPV106,0.0723332,0.0596473,0.0664421,0.0705257,0.0596473,0.0491862,0.0547894,0.0581568,0.0664421,0.0547894,0.0610308,0.0647818,0.0705257,0.0581568,0.0647818,0.0687634
HPV107,0.0995560,0.0597086,0.0698895,0.0863709,0.0597086,0.0358101,0.0419161,0.0518008,0.0698895,0.0419161,0.0490632,0.0606334,0.0863709,0.0518008,0.0606334,0.0749320
HPV108,0.0845467,0.0567305,0.0671819,0.0823101,0.0567305,0.0380659,0.0450788,0.0552297,0.0671819,0.0450788,0.0533836,0.0654046,0.0823101,0.0552297,0.0654046,0.0801325
HPV109,0.0999992,0.0549285,0.0661639,0.0951348,0.0549285,0.0301717,0.0363432,0.0522566,0.0661639,0.0363432,0.0437770,0.0629454,0.0951348,0.0522566,0.0629454,0.0905071
HPV110,0.0995439,0.0564451,0.0697488,0.0897681,0.0564451,0.0320064,0.0395501,0.0509018,0.0697488,0.0395501,0.0488718,0.0628990,0.0897681,0.0509018,0.0628990,0.0809522
HPV111,0.1004579,0.0590475,0.0683595,0.0890861,0.0590475,0.0347071,0.0401805,0.0523633,0.0683595,0.0401805,0.0465171,0.0606212,0.0890861,0.0523633,0.0606212,0.0790016
HPV112,0.1057352,0.0574570,0.0645660,0.0974114,0.0574570,0.0312224,0.0350854,0.0529338,0.0645660,0.0350854,0.0394265,0.0594831,0.0974114,0.0529338,0.0594831,0.0897428
HPV113,0.0997544,0.0595714,0.0678381,0.0886753,0.0595714,0.0355749,0.0405116,0.0529552,0.0678381,0.0405116,0.0461334,0.0603038,0.0886753,0.0529552,0.0603038,0.0788267
HPV114,0.0719729,0.0567804,0.0650581,0.0744661,0.0567804,0.0447949,0.0513253,0.0587474,0.0650581,0.0513253,0.0588078,0.0673119,0.0744661,0.0587474,0.0673119,0.0770458
HPV115,0.0993987,0.0590825,0.0722401,0.0845542,0.0590825,0.0351186,0.0429395,0.0502590,0.0722401,0.0429395,0.0525020,0.0614516,0.0845542,0.0502590,0.0614516,0.0719267
HPV116,0.0980917,0.0535799,0.0670511,0.0944732,0.0535799,0.0292665,0.0366248,0.0516034,0.0670511,0.0366248,0.0458332,0.0645777,0.0944732,0.0516034,0.0645777,0.0909882
HPV117,0.0754770,0.0569645,0.0692134,0.0730760,0.0569645,0.0429925,0.0522371,0.0551523,0.0692134,0.0522371,0.0634695,0.0670116,0.0730760,0.0551523,0.0670116,0.0707513
HPV118,0.0980629,0.0594808,0.0684255,0.0871807,0.0594808,0.0360785,0.0415040,0.0528801,0.0684255,0.0415040,0.0477454,0.0608323,0.0871807,0.0528801,0.0608323,0.0775062
HPV119,0.1053048,0.0563893,0.0653847,0.0974282,0.0563893,0.0301957,0.0350126,0.0521715,0.0653847,0.0350126,0.0405980,0.0604941,0.0974282,0.0521715,0.0604941,0.0901407
HPV120,0.1036057,0.0579064,0.0701134,0.0902529,0.0579064,0.0323645,0.0391872,0.0504433,0.0701134,0.0391872,0.0474481,0.0610771,0.0902529,0.0504433,0.0610771,0.0786210
HPV121,0.1058775,0.0557087,0.0670986,0.0967035,0.0557087,0.0293118,0.0353047,0.0508817,0.0670986,0.0353047,0.0425229,0.0612847,0.0967035,0.0508817,0.0612847,0.0883244
HPV122,0.0996466,0.0580810,0.0696459,0.0882950,0.0580810,0.0338536,0.0405945,0.0514645,0.0696459,0.0405945,0.0486776,0.0617120,0.0882950,0.0514645,0.0617120,0.0782366
HPV123,0.0992564,0.0546791,0.0665435,0.0945708,0.0546791,0.0301221,0.0366580,0.0520979,0.0665435,0.0366580,0.0446121,0.0634022,0.0945708,0.0520979,0.0634022,0.0901065
HPV124,0.0987180,0.0588196,0.0675041,0.0891524,0.0588196,0.0350468,0.0402213,0.0531201,0.0675041,0.0402213,0.0461599,0.0609631,0.0891524,0.0531201,0.0609631,0.0805138
HPV125,0.0746789,0.0588263,0.0679599,0.0718093,0.0588263,0.0463388,0.0535336,0.0565658,0.0679599,0.0535336,0.0618454,0.0653485,0.0718093,0.0565658,0.0653485,0.0690500
HPV126,0.1024594,0.0561888,0.0655828,0.0958618,0.0561888,0.0308140,0.0359656,0.0525707,0.0655828,0.0359656,0.0419786,0.0613597,0.0958618,0.0525707,0.0613597,0.0896890
HPV127,0.1055503,0.0542455,0.0659181,0.0991712,0.0542455,0.0278784,0.0338773,0.0509671,0.0659181,0.0338773,0.0411670,0.0619342,0.0991712,0.0509671,0.0619342,0.0931775
HPV128,0.1082219,0.0542922,0.0640811,0.1023757,0.0542922,0.0272370,0.0321479,0.0513593,0.0640811,0.0321479,0.0379442,0.0606195,0.1023757,0.0513593,0.0606195,0.0968454
HPV129,0.1056993,0.0553041,0.0659326,0.0981783,0.0553041,0.0289363,0.0344973,0.0513690,0.0659326,0.0344973,0.0411271,0.0612412,0.0981783,0.0513690,0.0612412,0.0911925
HPV130,0.1089858,0.0539790,0.0681440,0.0990211,0.0539790,0.0267350,0.0337507,0.0490437,0.0681440,0.0337507,0.0426075,0.0619136,0.0990211,0.0490437,0.0619136,0.0899675
HPV131,0.1034506,0.0526658,0.0664592,0.0990618,0.0526658,0.0268117,0.0338338,0.0504315,0.0664592,0.0338338,0.0426950,0.0636397,0.0990618,0.0504315,0.0636397,0.0948592
HPV132,0.1033002,0.0543116,0.0676188,0.0961730,0.0543116,0.0285551,0.0355515,0.0505643,0.0676188,0.0355515,0.0442623,0.0629534,0.0961730,0.0505643,0.0629534,0.0895374
